34338741139 
34004558526 
33008841089 
31371287536 
29124076237 
26311234593 
22987774734 
19218618030 
15077327854 
10644672601 
6007051071 
1254807658 
-3519526187 
-8223034977 
-12764226480 
-17054812868 
-21011424860 
-24557234305 
-27623443456 
-30150621964 
-32089857749 
-33403703392 
-34066899143 
-34066859394 
-33403909058 
-32091274355 
-30154817608 
-27632526671 
-24573771904 
-21038338162 
-17095256389 
-12821456711 
-8300266129 
-3619785447 
1128828710 
5853138594 
10461225158 
14863475931 
18974327808 
22713931216 
26009699581 
28797718905 
31023986718 
32645458855 
33630880592 
33961391271 
33630881716 
32646110387 
31026563091 
28804067701 
26022170614 
22735281571 
19007610187 
14911912360 
10528069078 
5941529077 
1241642502 
-3480078259 
-8131741775 
-12622864923 
-16866134396 
-20779101878 
-24285788732 
-27318158656 
-29817439964 
-31735262987 
-33034597665 
-33690466641 
-33690426985 
-33034803552 
-31736679967 
-29821635553 
-27327241960 
-24302326539 
-20806015541 
-16906578401 
-12680095756 
-8208973635 
-3580338321 
1115662676 
5787615661 
10344620656 
14698059434 
18763318955 
22461437071 
25720634609 
28477709499 
30679261440 
32282727420 
33257203661 
33584041591 
33257203887 
32283377622 
30681835021 
28484054645 
25733101232 
22482782287 
18796595618 
14746489653 
10411458004 
5875999335 
1228469555 
-3440638015 
-8040455998 
-12481510390 
-16677462410 
-20546784727 
-24014348199 
-27012878026 
-29484261176 
-31380671566 
-32665495303 
-33314037525 
-33313997865 
-32665701197 
-31382088535 
-29488456767 
-27021961327 
-24030886007 
-20573698395 
-16717906415 
-12538741223 
-8117687860 
-3540898077 
1102489729 
5722085919 
10228009583 
14532636728 
18552304385 
22208937783 
25431565252 
28157696416 
30334533372 
31919994655 
32883525845 
33206691886 
32883526986 
31920646184 
30337109754 
28164045220 
25444036282 
22230288150 
18585587338 
14581074284 
10294855168 
5810478572 
1215306153 
-3401187846 
-7949160111 
-12340145754 
-16488780527 
-20314458074 
-23742898753 
-26707589236 
-29151075148 
-31026073380 
-32296386252 
-32937601893 
-32937562530 
-32296593055 
-31027491857 
-29155273367 
-26716675678 
-23759440154 
-20341375698 
-16529228794 
-12397381065 
-8026396580 
-3501452556 
1089321728 
5656560698 
10111402514 
14367217435 
18341292570 
21956440562 
25142497146 
27837683862 
29989805035 
31557259704 
32509844493 
32829337985 
32509845362 
31557910615 
29992380511 
27844031488 
25154966802 
21977789246 
18374573113 
14415651871 
10178244326 
5744948998 
1202133305 
-3361747573 
-7857874377 
-12198791332 
-16300108720 
-20082141170 
-23471458522 
-26402308964 
-28817896762 
-30671481822 
-31927283819 
-32561172725 
-32561133416 
-31927490742 
-30672900513 
-28822094707 
-26411394647 
-23487998688 
-20109057120 
-16340554899 
-12256024183 
-7935108061 
-3462009227 
1076152147 
5591034538 
9994795166 
14201798531 
18130281800 
21703944991 
24853431348 
27517674179 
29645080041 
31194529114 
32136169003 
32451990240 
32136169903 
31195180706 
29647655664 
27524021416 
24865900062 
21725292283 
18163560446 
14250230626 
10061634242 
5679419756 
1188960358 
-3322307829 
-7766589590 
-12057438260 
-16111438637 
-19849826323 
-23200020655 
-26097031313 
-28484721201 
-30316892670 
-31558182737 
-32184743870 
-32184703525 
-31558386618 
-30318306326 
-28488912239 
-26106109484 
-23216552865 
-19876734005 
-16151876413 
-12114662732 
-7843815084 
-3422561639 
1062986544 
5525511997 
9878191011 
14036382325 
17919273182 
21451451011 
24564366524 
27197664769 
29300354737 
30831798130 
31762492520 
32074641372 
31762493426 
30832449152 
29302929235 
27204010343 
24576833065 
21472795665 
17952548787 
14084811025 
9945026405 
5613893320 
1175790722 
-3282864334 
-7675300687 
-11916080783 
-15922763948 
-19617506756 
-22928578063 
-25791748993 
-28151541140 
-29962300405 
-31189080010 
-31808314832 
-31808274957 
-31189285250 
-29963716320 
-28155735278 
-25800829908 
-22945112589 
-19644416321 
-15963203103 
-11973306113 
-7752526501 
-3383117921 
1049817670 
5459986848 
9761584959 
13870964975 
17708264196 
21198957438 
24275302837 
26877657331 
28955632062 
30469069888 
31388818197 
31697294195 
31388817921 
30469719135 
28958205369 
26884001752 
24287768298 
21220301074 
17741538888 
13919392883 
9828419696 
5548367660 
1162621493 
-3243420807 
-7584012128 
-11774724020 
-15734090329 
-19385188606 
-22657137165 
-25486468663 
-27818363301 
-29607709983 
-30819978704 
-31431886791 
-31431846905 
-30820183957 
-29609125899 
-27822557438 
-25495549579 
-22673671704 
-19412098163 
-15774529484 
-11831949350 
-7661237942 
-3343674394 
1036648441 
5394461188 
9644978251 
13705546832 
17497254298 
20946462841 
23986238111 
26557648709 
28610908211 
30106339860 
31015142740 
31319946939 
31015143619 
30106990886 
28613483273 
26563995411 
23998706297 
20967809681 
17530532534 
13753978576 
9711817040 
5482846192 
1149456514 
-3203973056 
-7492719452 
-11633363328 
-15545413045 
-19152867113 
-22385693353 
-25181185861 
-27485183494 
-29253117572 
-30450875428 
-31055456814 
-31055417027 
-30451080938 
-29254533920 
-27489378228 
-25190268091 
-22402229894 
-19179779340 
-15585855470 
-11690592468 
-7569949542 
-3304231301 
1023478512 
5328934574 
9528370353 
13540127292 
17286242817 
20693966534 
23697171476 
26237638164 
28266182365 
29743608992 
30641466955 
30942598907 
30641467966 
29744260756 
28268758248 
26243985738 
23709640619 
20715314284 
17319521996 
13588559963 
9595210039 
5417320424 
1136287364 
-3164529265 
-7401430449 
-11492005950 
-15356738652 
-18920548043 
-22114251416 
-24875904380 
-27152004421 
-28898526427 
-30081773926 
-30679029095 
-30678989826 
-30081980988 
-28899945335 
-27156202667 
-24884990438 
-22130792031 
-18947464500 
-15397185387 
-11549239396 
-7478664756 
-3264791557 
1010305565 
5263405332 
9411760270 
13374706046 
17075230149 
20441469551 
23408104771 
25917628075 
27921457521 
29380878503 
30267790973 
30565250600 
30267791953 
29381530277 
27924033978 
25923976788 
23420575560 
20462819491 
17108511957 
13423141761 
9478603350 
5351794863 
1123118312 
-3125085488 
-7310141570 
-11350648805 
-15168064595 
-18688229397 
-21842810004 
-24570623500 
-26818826015 
-28543935437 
-29712672058 
-30302600506 
-30302561261 
-29712879207 
-28545354472 
-26823024445 
-24579709786 
-21859350894 
-18715146160 
-15208511669 
-11407882613 
-7387376257 
-3225348168 
997136122 
5197879386 
9295153208 
13209287493 
16864219789 
20188974465 
23119039484 
25597618900 
27576733097 
29018149053 
29894116052 
30187903322 
29894117057 
29018800820 
27579309552 
25603968177 
23131511416 
20210326057 
16897503770 
13257725840 
9361999332 
5286272312 
1109952550 
-3085638204 
-7218849038 
-11209287929 
-14979386804 
-18455907091 
-21571365074 
-24265339303 
-26485644566 
-28189341732 
-29343567868 
-29926170012 
-29926131268 
-29343776485 
-28190763201 
-26489846324 
-24274429763 
-21587910880 
-18482829446 
-15019840019 
-11266528313 
-7296090605 
-3185907938 
983963273 
5132349851 
9178542447 
13043865199 
16653205719 
19936475766 
22829970749 
25277606557 
27232005780 
28655415942 
29520437878 
29810553403 
29520439913 
28656069771 
27234585276 
25283959230 
22842446354 
19957831257 
16686493734 
13092307638 
9245392643 
5220746751 
1096783498 
-3046194427 
-7127560159 
-11067930784 
-14790712747 
-18223588452 
-21299923659 
-23960058425 
-26152466160 
-27834750743 
-28974465996 
-29549741421 
-29549702699 
-28974674704 
-27836172341 
-26156668102 
-23969149107 
-21316469745 
-18250511110 
-14831166301 
-11125171530 
-7204802106 
-3146464549 
970793830 
5066823905 
9061935386 
12878446645 
16442195361 
19683980672 
22540905478 
24957597379 
26887281357 
28292685913 
29146761847 
29433204427 
29146762824 
28293337682 
26889857809 
24963946085 
22553376259 
19705330610 
16475477171 
12926882360 
9128778466 
5155213436 
1083606577 
-3006758480 
-7036278920 
-10926580939 
-14602045509 
-17991276009 
-21028487718 
-23654782169 
-25819291450 
-27480162438 
-28605365770 
-29173313376 
-29173273589 
-28605571279 
-27481578791 
-25823486185 
-23663863828 
-21045023132 
-18018186568 
-14642485764 
-10983807447 
-7113505967 
-3107013330 
957632256 
5001305713 
8945335812 
12713035169 
16231191525 
19431491439 
22251845226 
24637592394 
26542560126 
27929958066 
28773087429 
29055856663 
28773086297 
27930605598 
26545130903 
24643935225 
22264310081 
19452835451 
16264467579 
12761465389 
9012173770 
5089690592 
1070440913 
-2967310710 
-6944985521 
-10785218835 
-14413366151 
-17758951829 
-20757040634 
-23349495596 
-25486107441 
-27125566046 
-28236258801 
-28796880084 
-28796840815 
-28236465867 
-27126984954 
-25490305687 
-23358581654 
-20773581247 
-17785868284 
-14453812886 
-10842452281 
-7022219829 
-3067573002 
944459114 
4935775500 
8828724001 
12547611472 
16020175732 
19178990717 
21962774252 
24317577555 
26197830180 
27567223345 
28399408748 
28678507211 
28399410767 
27567877179 
26200409679 
24323929665 
21975248712 
19200344557 
16053461577 
12596051280 
8895571154 
5024169005 
1057275658 
-2927863386 
-6853693416 
-10643858845 
-14224689687 
-17526631261 
-20485597822 
-23044213863 
-25152928751 
-26770975341 
-27867157787 
-28420452896 
-28420414172 
-27867366490 
-26772396941 
-25157130692 
-23053305119 
-20502145036 
-17553555588 
-14265145411 
-10701102223 
-6930938406 
-3028136903 
931282309 
4870242264 
8712109863 
12382186194 
15809159130 
18926489997 
21673704022 
23997564269 
25853102527 
27204490482 
28025730284 
28301156931 
28025733418 
27205145906 
25855684095 
24003920012 
21686183652 
18947850355 
15842452787 
12430634936 
8778966898 
4958646405 
1044110038 
-2888415773 
-6762400373 
-10502497287 
-14036011056 
-17294307974 
-20214151784 
-22738928461 
-24819746018 
-26416380302 
-27498052235 
-28044021040 
-28043982843 
-27498262485 
-26417804457 
-24823951466 
-22748023536 
-20230703052 
-17321236524 
-14076471078 
-10559744959 
-6839649567 
-2988693324 
918112905 
4804716203 
8595502537 
12216767230 
15598148221 
18673994221 
21384637940 
23677554223 
25508377124 
26841759431 
27652054285 
27923808638 
27652057411 
26842414857 
25510958690 
23683909965 
21397117547 
18695354591 
15631441878 
12265215971 
8662359571 
4893120344 
1030940634 
-2848972194 
-6671111534 
-10361140023 
-13847336723 
-17061988908 
-19942709801 
-22433646878 
-24486566792 
-26061787819 
-27128948228 
-27667589711 
-27667550989 
-27129156936 
-26063209419 
-24490768734 
-22442738134 
-19959257015 
-17088913227 
-13887792447 
-10418383401 
-6748356524 
-2949245711 
904947285 
4739193603 
8478898281 
12051350885 
15387139431 
18421500033 
21095572871 
23357544562 
25163651542 
26479028154 
27278376931 
27546458344 
27278378963 
26479681986 
25166231040 
23363896666 
21108047342 
18442853859 
15420425275 
12099790693 
8545745434 
4827587108 
1017763829 
-2809536095 
-6579830111 
-10219789965 
-13658669248 
-16829676208 
-19671273590 
-22128370344 
-24153391797 
-25707199805 
-26759848853 
-27291163064 
-27291123798 
-26760055913 
-25708618713 
-24157590043 
-22137456402 
-19687814201 
-16856592667 
-13699115983 
-10277023411 
-6657064418 
-2909798387 
891782030 
4673672016 
8362295664 
11885936777 
15176133428 
18169009129 
20806511490 
23037539012 
24818930310 
26116299739 
26904701395 
27169108919 
26904700257 
26116947272 
24821501089 
23043881849 
20818976348 
18190353144 
15209409480 
11934366997 
8429133622 
4762056895 
1004590687 
-2770095767 
-6488543973 
-10078434799 
-13469996370 
-16597357925 
-19399831701 
-21823088169 
-23820211300 
-25352605969 
-26390743439 
-26914730299 
-26914690505 
-26390948954 
-25354022316 
-23824406034 
-21832169830 
-19416367119 
-16624268483 
-13510436625 
-10135661307 
-6565771020 
-2870350617 
878616366 
4608149172 
8245690969 
11720519805 
14965123837 
17916513969 
20517445332 
22717528142 
24474203414 
25753567650 
26531024884 
26791761118 
26531025864 
25754219419 
24476779294 
22723875720 
20529914448 
17937861740 
14998403016 
11768952477 
8312530654 
4696535022 
991425218 
-2730648581 
-6397251927 
-9937074789 
-13281319807 
-16365037180 
-19128388643 
-21517806117 
-23487032227 
-24998014825 
-26021641940 
-26538302584 
-26538263317 
-26021849006 
-24999433733 
-23491230473 
-21526892176 
-19144929254 
-16391953637 
-13321766542 
-9994308235 
-6474486234 
-2830910873 
865443419 
4542619930 
8129080884 
11555098561 
14754111169 
17664017008 
20228378615 
22397518052 
24129478570 
25390837738 
26157349439 
26414413338 
26157350386 
25391489396 
24132054867 
22403866549 
20240849165 
17685366642 
14787392656 
11603533924 
8195923593 
4631009076 
978255775 
-2691205192 
-6305963428 
-9795718006 
-13092646089 
-16132718849 
-18856947501 
-21212525467 
-23153854005 
-24643423965 
-25652540155 
-26161874014 
-26161834717 
-25652747136 
-24644842741 
-23158052067 
-21221611295 
-18873487844 
-16159634999 
-13133092485 
-9852951090 
-6383197355 
-2791467096 
852274367 
4477094369 
8012474196 
11389680358 
14543101133 
17411522201 
19939313571 
22077509092 
23784754298 
25028107251 
25783673454 
26037065026 
25783674380 
25028758916 
23787330025 
22083856467 
19951782446 
17432869676 
14576379986 
11438112679 
8079313509 
4565479834 
965082828 
-2651765448 
-6214678642 
-9654364934 
-12903976006 
-15900404002 
-18585509637 
-20907247814 
-22820678444 
-24288835382 
-25283440209 
-25785446823 
-25785407003 
-25283645639 
-24290251595 
-22824872994 
-20916329244 
-18602044783 
-15927314254 
-12944415922 
-9711591080 
-6291905309 
-2752019910 
839108898 
4411572496 
7895871227 
11224265838 
14332094668 
17159030793 
19650251679 
21757502961 
23440032505 
24665379401 
25409999069 
25659717218 
25409997873 
24666026829 
23442601986 
21763843336 
19662712947 
17180370182 
14365365133 
11272689622 
7962702023 
4499949628 
951909374 
-2612325744 
-6123393430 
-9513010976 
-12715304596 
-15668087414 
-18314069652 
-20601967695 
-22487500125 
-23934243799 
-24914337089 
-25409016330 
-25408975937 
-24914540797 
-23935657192 
-22491690795 
-20611044272 
-18330599052 
-15694991157 
-12755737354 
-9570229460 
-6200612077 
-2712571988 
825943704 
4346050429 
7779267602 
11058850209 
14121086663 
16906537442 
19361187471 
21437494225 
23095307822 
24302647889 
25036321434 
25282366735 
25036319145 
24303293146 
23097874670 
21443831557 
19373645345 
16927873149 
14154353234 
11107269959 
7846094304 
4434423488 
938740206 
-2572881619 
-6032103745 
-9371652583 
-12526628873 
-15435766723 
-18042625841 
-20296684119 
-22154318777 
-23579649680 
-24545231961 
-25032584416 
-25032544048 
-24545435756 
-23581063202 
-22158509631 
-20305760922 
-18059155519 
-15462670768 
-12567061970 
-9428871429 
-6109322772 
-2673128251 
812774145 
4280523904 
7662659511 
10893430194 
13910074442 
16654040120 
19072119638 
21117482229 
22750580354 
23939915230 
24662643791 
24905017255 
24662642584 
23940562657 
22753150401 
21123822590 
19084580305 
16675378351 
13943343198 
10941851757 
7729487615 
4368897927 
925571154 
-2533437842 
-5940814866 
-9230295438 
-12337954816 
-15203448078 
-17771184429 
-19991403238 
-21821140371 
-23225058685 
-24176130095 
-24656155823 
-24656115486 
-24176333968 
-23226472344 
-21825331410 
-20000480270 
-17787714376 
-15230352432 
-12378388252 
-9287514646 
-6018034273 
-2633684862 
799604702 
4214997958 
7546052449 
10728011642 
13699064080 
16401545032 
18783054335 
20797473067 
22405855921 
23577185211 
24288968290 
24527669478 
24288967152 
23577832744 
22408426129 
20803814201 
18795516395 
16422885211 
13732335331 
10776436187 
7612883969 
4303375761 
912405783 
-2493990170 
-5849521953 
-9088934200 
-12149276686 
-14971125463 
-17499739222 
-19686118812 
-21487958738 
-22870464851 
-23807025820 
-24279725305 
-24279685514 
-23807231329 
-22871881199 
-21492153472 
-19695200472 
-17516274638 
-14998036021 
-12189716941 
-9146160708 
-5926749001 
-2594245020 
786431462 
4149468038 
7429441316 
10562588995 
13488049687 
16149046038 
18493985370 
20477460498 
22061128448 
23214453123 
23915291771 
24150321697 
23915292756 
23215104893 
22063704904 
20483808641 
18506455029 
16170394312 
13521329329 
10611022078 
7496281353 
4237854174 
899240528 
-2454542846 
-5758229848 
-8947574210 
-11960600222 
-14738804896 
-17228296410 
-19380837079 
-21154780048 
-22515874146 
-23437924805 
-23903298115 
-23903258870 
-23438131951 
-22517293186 
-21158978477 
-19389923937 
-17244838425 
-14765723327 
-12001049466 
-9004810650 
-5835467578 
-2554808921 
773254657 
4083934802 
7312827178 
10397163717 
13277033085 
15896545314 
18204915147 
20157447212 
21716400794 
22851720828 
23541614440 
23772973085 
23541617566 
22852376255 
21718981793 
20163801257 
18217391975 
15917901841 
13310321940 
10445606784 
7379677775 
4172331867 
886074810 
-2415095719 
-5666937671 
-8806213880 
-11771923158 
-14506483482 
-16956852519 
-19075554053 
-20821599875 
-22161281799 
-23068822026 
-23526869061 
-23526830312 
-23069030641 
-22162703262 
-20825801627 
-19084644501 
-16973398318 
-14533405829 
-11812376361 
-8863454252 
-5744179225 
-2515365440 
760085546 
4018409419 
7196220902 
10231746154 
13066023901 
15644051557 
17915851329 
19837439633 
21371678026 
22488991378 
23167938979 
23395624242 
23167939972 
22489642572 
21374252777 
19843786679 
17928320534 
15665400010 
13099304366 
10280180683 
7263062980 
4106798151 
872897714 
-2375659720 
-5575656152 
-8664863534 
-11583255206 
-14274170136 
-16685415484 
-18770276548 
-20488423779 
-21806691438 
-22699719092 
-23150437729 
-23150397390 
-22699922967 
-21808105094 
-20492614817 
-18779354152 
-16701946561 
-14301076153 
-11623690812 
-8722085374 
-5652878602 
-2475910135 
746927581 
3952894287 
7079623782 
10066336474 
12855021176 
15391562714 
17626790779 
19517433595 
21026955073 
22126261703 
22794262155 
23018273429 
22794259914 
22126907070 
21029522081 
19523770562 
17639247771 
15412897047 
12888285900 
10114753944 
7146447813 
4041264336 
859720793 
-2336223273 
-5484373923 
-8523512228 
-11394586065 
-14041855386 
-16413976873 
-18464997318 
-20155245842 
-21452100294 
-22330616457 
-22774007763 
-22773966874 
-22330818689 
-21453511258 
-20159433184 
-18474069724 
-16430501351 
-14068753538 
-11435012682 
-8580724136 
-5561585690 
-2436462463 
733762210 
3887372121 
6963020135 
9900920905 
12644013310 
15139069580 
17337726856 
19197425211 
20682230801 
21763530653 
22420585028 
22640923451 
22420581749 
21764173955 
20684794765 
19203758782 
17350180175 
15160400015 
12677274000 
9949334281 
7029840094 
3975738196 
846551625 
-2296779148 
-5393084238 
-8382153835 
-11205910342 
-13809534693 
-16142533065 
-18159713743 
-19822064494 
-21097506173 
-21961511330 
-22397575846 
-22397534983 
-21961713650 
-21098917268 
-19826252020 
-18168786379 
-16159057815 
-13836433152 
-11246337298 
-8439366105 
-5470296385 
-2397018726 
720592651 
3821845596 
6846412045 
9735500890 
12433001087 
14886572253 
17048659022 
18877413216 
20337503333 
21400798567 
22046909075 
22263576792 
22046909022 
21401448272 
20340076170 
18883756260 
17061122206 
14907912792 
12466271893 
9783924205 
6913241571 
3910220682 
833390344 
-2257328027 
-5301788585 
-8240790618 
-11017231033 
-13577211721 
-15871088332 
-17854430611 
-19488884952 
-20742915182 
-21592410598 
-22021149506 
-22021109743 
-21592616190 
-20744331662 
-19493079870 
-17863512501 
-15887624019 
-13604122590 
-11057671627 
-8298017488 
-5379016012 
-2357583265 
707415632 
3756312574 
6729798545 
9570076663 
12221985925 
14634073331 
16759590932 
18557402348 
19992778331 
21038069115 
21673234144 
21886229545 
21673234096 
21038718820 
19995351744 
18563747087 
16772056917 
14655417701 
12255261533 
9618505652 
6796634510 
3844694736 
820220901 
-2217884638 
-5210500086 
-8099433835 
-10828557315 
-13344893388 
-15599647192 
-17549149961 
-19155706730 
-20388324322 
-21223308815 
-21644720937 
-21644681144 
-21223514322 
-20389740670 
-19159901464 
-17558231620 
-15616182610 
-13371803949 
-10868997570 
-8156660343 
-5287727133 
-2318139488 
694246580 
3690787013 
6613191857 
9404658460 
12010975889 
14381578527 
16470525888 
18237393387 
19648054060 
20675338629 
21299558155 
21508881226 
21299558102 
20675988338 
19650626901 
18243737003 
16482990209 
14402920730 
12044248864 
9453084407 
6680024426 
3779165494 
807047954 
-2178444894 
-5119215300 
-7958080763 
-10639887232 
-13112578542 
-15328209328 
-17243872308 
-18822531169 
-20033735739 
-20854208869 
-21268293743 
-21268253430 
-20854412823 
-20035149526 
-18826722391 
-17252949570 
-15344739547 
-13139483206 
-10680321007 
-8015300333 
-5196435087 
-2278692302 
681081111 
3625265140 
6496588888 
9239243940 
11799969424 
14129087117 
16181463994 
17917387259 
19303332265 
20312610779 
20925883770 
21131533432 
20925881584 
20313256254 
19305898862 
17923723879 
16193920698 
14150421238 
11833234010 
9287661350 
6563412940 
3713635288 
793874500 
-2139005190 
-5027930088 
-7816726805 
-10451215822 
-12880261953 
-15056769341 
-16938592189 
-18489352850 
-19679144156 
-20485105747 
-20891863253 
-20891822364 
-20485307983 
-19680555121 
-18493540192 
-16947664595 
-15073293818 
-12907160108 
-10491642439 
-7873938713 
-5105141855 
-2239244380 
667915917 
3559743073 
6379985263 
9073828311 
11588961419 
13876593768 
15892399789 
17597378520 
18958607584 
19949879266 
20552206139 
20754182924 
20552202864 
19950522569 
18961171548 
17603712661 
15904854233 
13897925871 
11622224281 
9122244319 
6446808264 
3648112543 
780709013 
-2099557170 
-4936636370 
-7675364319 
-10262536026 
-12647937288 
-14785321735 
-16633305064 
-18156168275 
-19324547192 
-20115998215 
-20515429414 
-20515389075 
-20116202089 
-19325960846 
-18160359313 
-16642382098 
-14801851684 
-12674841640 
-10302969462 
-7732583527 
-5013855777 
-2199804190 
654742561 
3494212574 
6263373099 
8908404203 
11377945165 
13624092551 
15603328269 
17277363133 
18613877071 
19587143976 
20178526318 
20376831801 
20178525170 
19587791510 
18616447276 
17283703701 
15615789191 
13645431070 
11411214245 
8956826117 
6330201575 
3582586982 
767539961 
-2060113393 
-4845347491 
-7534007174 
-10073861969 
-12415618644 
-14513880321 
-16328024185 
-17822989869 
-18969956199 
-19746896347 
-20139000822 
-20138960511 
-19747100301 
-18971369988 
-17827181092 
-16337101446 
-14530410542 
-12442523307 
-10114295744 
-7591226744 
-4922567278 
-2160360801 
641573118 
3428686628 
6146766037 
8742985651 
11166934804 
13371597462 
15314262973 
16957353966 
18269152638 
19224413956 
19804850828 
19999484015 
19804849736 
19225061599 
18271722437 
16963694181 
15326723613 
13392935765 
11200203746 
8791407504 
6213594534 
3517061135 
754370695 
-2020669754 
-4754058671 
-7392650009 
-9885187813 
-12183299825 
-14242438663 
-16022742986 
-17489811081 
-18615364770 
-19377793996 
-19762571706 
-19762531393 
-19377997949 
-18616778558 
-17494002303 
-16031820248 
-14258968882 
-12210204487 
-9925621588 
-7449869579 
-4831278459 
-2120917162 
628403852 
3363160781 
6030158997 
8577567037 
10955924305 
13119102152 
15025197396 
16637344443 
17924427799 
18861684040 
19431175965 
19622137364 
19431175918 
18862333746 
17927001210 
16643688619 
15037662252 
13140444861 
10989197744 
8625993395 
6096991918 
3451539548 
741205440 
-1981222430 
-4662766566 
-7251290019 
-9696511349 
-11950979260 
-13970995851 
-15717461253 
-17156632391 
-18260774065 
-19008692979 
-19386144513 
-19386104748 
-19008898569 
-18262190545 
-17160827308 
-15726543713 
-13987532667 
-11977891795 
-9736954113 
-7308519521 
-4739997036 
-2081481063 
615227047 
3297627545 
5913544859 
8412141759 
10744907703 
12866601422 
14736127178 
16317331159 
17579700143 
18498951742 
19057498637 
19244788759 
19057500718 
18499605110 
17582278099 
16323681238 
14748599189 
12887952394 
10778190355 
8460578101 
5980388340 
3386017241 
728039722 
-1941775303 
-4571474389 
-7109929689 
-9507834285 
-11718657843 
-13699551958 
-15412178227 
-16823452218 
-17906181718 
-18639590200 
-19009715461 
-19009676188 
-18639797261 
-17907600621 
-16827650458 
-15421264277 
-13716092562 
-11745574295 
-9548281008 
-7167163123 
-4648708683 
-2042037582 
602057936 
3232102162 
5796938583 
8246724196 
10533898519 
12614107669 
14447063360 
15997323574 
17234977377 
18136222293 
18683823749 
18867441031 
18683824798 
18136873595 
17237552287 
16003670827 
14459532818 
12635456412 
10567179308 
8295159076 
5863781033 
3320491279 
714870495 
-1902331474 
-4480185230 
-6968572043 
-9319159514 
-11486338294 
-13428109456 
-15106896095 
-16490272426 
-17551588665 
-18270485631 
-18633283578 
-18633243817 
-18270691222 
-17553005145 
-16494467344 
-15115978555 
-13444646272 
-11513250825 
-9359602278 
-7025801545 
-4557415700 
-2002590107 
588892102 
3166579276 
5680333975 
8081307440 
10322889267 
12361612974 
14157997745 
15677313371 
16890251220 
17773491020 
18310146383 
18490090770 
18310146333 
17774140727 
16892824632 
15683657542 
14170462600 
12382955679 
10356162705 
8129733798 
5747166896 
3254958043 
701693690 
-1862895375 
-4388903807 
-6827221985 
-9130492039 
-11254025598 
-13156673240 
-14801619561 
-16157097431 
-17197000651 
-17901386252 
-18256856936 
-18256816621 
-17901590204 
-17198414439 
-16161288653 
-14810696823 
-13173203460 
-11280930261 
-9170925814 
-6884441555 
-4466123594 
-1963142783 
575726847 
3101057689 
5563731358 
7915893332 
10111883264 
12109122070 
13868936383 
15357307806 
16545529993 
17410762600 
17936470865 
18112741313 
17936467633 
17411406011 
16548094116 
15363642154 
13881391075 
12130454463 
10145146449 
7964309691 
5630554732 
3189427544 
688520334 
-1823455185 
-4297617729 
-6685866799 
-8941819062 
-11021707133 
-12885231106 
-14496337066 
-15823916552 
-16842406377 
-17532280357 
-17880423644 
-17880382783 
-17532482675 
-16843817473 
-15828104078 
-14505409701 
-12901755854 
-11048605594 
-8982246018 
-6743079069 
-4374829876 
-1923694763 
562561360 
3035534944 
5447126683 
7750476300 
9900873535 
11856626702 
13579869918 
15037296590 
16200802682 
17048029484 
17562793268 
17735392460 
17562792181 
17048677126 
16203372478 
15043636238 
13592329426 
11877963342 
9934140308 
7798895522 
5513952136 
3123906056 
675355256 
-1784007611 
-4206325303 
-6544506427 
-8753142160 
-10789386085 
-12613787771 
-14191054785 
-15490737295 
-16487815101 
-17163178773 
-17503995905 
-17503955619 
-17163382809 
-16489229021 
-15494928701 
-14200132276 
-12630318263 
-10816291057 
-8793576274 
-6601726359 
-4283545470 
-1884255407 
549388022 
2970005317 
5330516226 
7585054705 
9689860543 
11604129440 
13290802962 
14717286294 
15856077680 
16685300031 
17189118343 
17358045214 
17189117249 
16685947675 
15858647480 
14723626507 
13303263600 
11625467749 
9723129486 
7633476558 
5397344723 
3058379824 
662185599 
-1744564360 
-4115036864 
-6403149624 
-8564468343 
-10557067573 
-12342346383 
-13885773815 
-15157558691 
-16133223804 
-16794076505 
-17127566814 
-17127526472 
-16794280376 
-16134637460 
-15161749729 
-13894850847 
-12358876331 
-10583971929 
-8604901779 
-6460368832 
-4192256271 
-1844811380 
536219147 
2904479855 
5213909558 
7419636442 
9478850369 
11351634425 
13001737633 
14397276977 
15511353000 
16322568514 
16815441290 
16980695817 
16815440199 
16323216160 
15513922797 
14403617201 
13014198274 
11372972730 
9512119312 
7468058296 
5280738054 
2992854362 
649016724 
-1705120333 
-4023747665 
-6261792097 
-8375793848 
-10324748446 
-12070904450 
-13580492385 
-14824379719 
-15778632243 
-16424974072 
-16751137670 
-16751097386 
-16425178106 
-15780046163 
-14828571125 
-13589569877 
-12087434939 
-10351653419 
-8416227962 
-6319012029 
-4100967832 
-1805368129 
523049490 
2838953623 
5097302144 
7254217478 
9267839547 
11099138829 
12712671803 
14077267252 
15166628003 
15959839063 
16441766364 
16603348570 
16441765274 
15960486708 
15169197801 
14083606903 
12725131309 
11120475472 
9301106320 
7302636700 
5164127598 
2927324735 
635843386 
-1665680977 
-3932463259 
-6120439387 
-8187124104 
-10092433910 
-11799466857 
-13275214962 
-14491204342 
-15424043791 
-16055874206 
-16374710504 
-16374669642 
-16056076524 
-15425454887 
-14495391868 
-13284287596 
-11815991609 
-10119332371 
-8227551060 
-6177651657 
-4009675406 
-1765920555 
509884412 
2773432135 
4980699549 
7088803310 
9056833406 
10846647709 
12423610157 
13757261335 
14821906363 
15597110180 
16068090908 
16225999714 
16068087685 
15597753592 
14824470488 
13763595682 
12436064849 
10867980105 
9090096591 
7137219669 
5047522922 
2861801990 
622677899 
-1626232957 
-3841169541 
-5979076901 
-7998444308 
-9860109243 
-11528019253 
-12969927838 
-14158019767 
-15069446825 
-15686766675 
-15998276665 
-15998236352 
-15686970629 
-15070860613 
-14162210989 
-12979005100 
-11544549474 
-9887013904 
-8038878083 
-6036296471 
-3918389328 
-1726480365 
496711056 
2707901636 
4864087385 
6923379202 
8845817150 
10594146493 
12134538631 
13437245948 
14477175849 
15234375463 
15694412214 
15848650263 
15694412160 
15235025168 
14479749258 
13443590118 
12147003487 
10615489198 
8879090588 
6971805560 
4930920306 
2796280403 
609512644 
-1586785633 
-3749877435 
-5837716911 
-7809767844 
-9627788677 
-11256576440 
-12664646107 
-13824841076 
-14714856119 
-15317665659 
-15621849470 
-15621809709 
-15317871250 
-14716272599 
-13829035994 
-12673728567 
-11273113258 
-9654701211 
-7850210608 
-5894946413 
-3827107905 
-1687044266 
483534251 
2642368400 
4747473248 
6757953924 
8634800547 
10341645763 
11845468415 
13117232661 
14132448192 
14871642598 
15320733747 
15471299993 
15320734794 
14872293899 
14135023102 
13123579915 
11857937870 
10362994502 
8668081336 
6806388805 
4814315698 
2730757517 
596346810 
-1547338158 
-3658584452 
-5696355333 
-7621089114 
-9395465211 
-10985130151 
-12359360385 
-13491657962 
-14360260643 
-14948559619 
-15245417099 
-15245377830 
-14948766680 
-14361679545 
-13495856202 
-12368446436 
-11001670755 
-9422381657 
-7661535837 
-5753588767 
-3735818746 
-1647600437 
470365024 
2576842438 
4630865941 
6592534899 
8423789500 
10089149780 
11556402043 
12797222253 
13787722382 
14508911080 
14947057820 
15093952272 
14947059910 
14509564445 
13790300336 
12803572330 
11568874055 
10110500751 
8457072152 
6640971241 
4697709421 
2665232134 
583177699 
-1507894677 
-3567296099 
-5554998935 
-7432416009 
-9163147709 
-10713690045 
-12054080949 
-13158481112 
-14005670719 
-14579458309 
-14868988542 
-14868948775 
-14579663899 
-14007087199 
-13162676030 
-12063163408 
-10730226862 
-9190060243 
-7472858773 
-5612228437 
-3644526569 
-1608153310 
457199306 
2511320131 
4514262362 
6427119605 
8212782111 
9836657312 
11267338980 
12477214874 
13442999269 
14146182441 
14573382627 
14716603670 
14573382574 
14146832149 
13445572679 
12483559048 
11279803837 
9858000019 
8246055549 
6475545963 
4581095284 
2599698898 
570000894 
-1468458578 
-3476014676 
-5413648877 
-7243748534 
-8930835012 
-10442253832 
-11748804415 
-12825306117 
-13651082705 
-14210358931 
-14492561896 
-14492521581 
-14210562885 
-13652496493 
-12829497339 
-11757881677 
-10458784050 
-8957739678 
-7284182309 
-5470868447 
-3553234463 
-1568705986 
444034051 
2445798544 
4397659746 
6261705497 
8001776108 
9584166406 
10978277620 
12157209308 
13098278042 
13783454591 
14199708805 
14339257013 
14199707717 
13784102235 
13100847840 
12163549527 
10990738256 
9605504713 
8035045051 
6310127350 
4464488243 
2534173051 
556831628 
-1429014939 
-3384725857 
-5272291712 
-7055074378 
-8698516195 
-10170812172 
-11443523215 
-12492127329 
-13296491276 
-13841256578 
-14116132778 
-14116092468 
-13841460531 
-13297905064 
-12496318551 
-11452600477 
-10187342390 
-8725420859 
-7095508153 
-5329511282 
-3461945644 
-1529262347 
430864785 
2380272697 
4281052706 
6096286884 
7790765610 
9331671101 
10689212042 
11837199789 
12753553200 
13420724676 
13826033373 
13961909233 
13826032227 
13421372213 
12756123412 
11843540358 
10701672964 
9353009621 
7824034691 
6144708797 
4347881182 
2468647105 
543662185 
-1389571550 
-3293437358 
-5130934929 
-6866400660 
-8466197862 
-9899371031 
-11138242564 
-12158949107 
-12941900417 
-13472154792 
-13739704212 
-13739663873 
-13472358664 
-12943314073 
-12163140145 
-11147319597 
-9915900979 
-8493102216 
-6906834096 
-5188154137 
-3370656765 
-1489818570 
417695733 
2314747136 
4164446017 
5930868681 
7579755574 
9079176301 
10400146999 
11517190827 
12408828932 
13057993622 
13452355687 
13584558112 
13452352400 
13058636926 
12411392896 
11523524970 
10412601440 
9100508406 
7613018435 
5979284690 
4231269018 
2403116606 
530488829 
-1350131360 
-3202151280 
-4989579743 
-6677727683 
-8233879396 
-9627928895 
-10832960069 
-11825768228 
-12587306143 
-13103048898 
-13363270923 
-13363230035 
-13103251133 
-12588717107 
-11829955570 
-10842032475 
-9644453373 
-8260777550 
-6718154300 
-5046791651 
-3279363047 
-1450370550 
404530246 
2249224391 
4047841341 
5765451650 
7368745845 
8826680935 
10111080534 
11197179611 
12064101618 
12695259938 
13078676962 
13207207591 
13078674779 
12695905411 
12066668215 
11203516228 
10123537240 
8848015054 
7402010431 
5813869060 
4114665392 
2337594539 
517323635 
-1310683438 
-3110858048 
-4848218123 
-6489049115 
-8001556296 
-9356483166 
-10527675093 
-11492586029 
-12232711737 
-12733944057 
-12986839859 
-12986799546 
-12734148011 
-12234125525 
-11496777251 
-10536752355 
-9373013384 
-8028460961 
-6529482890 
-4905437693 
-3188077835 
-1410930846 
391356792 
2183694185 
3931229855 
5600028593 
7157730990 
8574181443 
9822011025 
10877166488 
11719373577 
12332527853 
12705000434 
12829859810 
12705000386 
12333177559 
11721946418 
10883510101 
9834475342 
8595523646 
7191003966 
5648454540 
3998062424 
2272072666 
504158166 
-1271236252 
-3019566002 
-4706858113 
-6300372552 
-7769235556 
-9085040105 
-10222393041 
-11159406956 
-11878120593 
-12364842556 
-12610412143 
-12610372350 
-12365048066 
-11879536941 
-11163601690 
-10231474701 
-9101575521 
-7796146115 
-6340812807 
-4764084621 
-3096793049 
-1371491102 
378183845 
2118164943 
3814619770 
5434607348 
6946718322 
8321684471 
9532944316 
10557156399 
11374648738 
11969797368 
12331324447 
12452511487 
12331324397 
11970447074 
11377222147 
10563501142 
9545410303 
8343028842 
6979993930 
5483036338 
3881455735 
2206547105 
490989114 
-1231792475 
-2928277123 
-4565500968 
-6111698495 
-7536916912 
-8813598693 
-9917112161 
-10826228550 
-11523529602 
-11995740690 
-12233983548 
-12233943783 
-11995946281 
-11524946082 
-10830423468 
-9926194050 
-8830134381 
-7563827781 
-6152139089 
-4622727838 
-3005504550 
-1332047713 
365014402 
2052638997 
3698012709 
5269188796 
6735707962 
8069189379 
9243879026 
10237147233 
11029924308 
11607067917 
11957649518 
12075164240 
11957649469 
11607717623 
11032497149 
10243490277 
9256342212 
8090529917 
6768978768 
5317612110 
3764842236 
2141014083 
477812095 
-1192357014 
-2836996750 
-4424152351 
-5923032824 
-7304606350 
-8542164899 
-9611838284 
-10493056400 
-11168943995 
-11626643232 
-11857558303 
-11857517443 
-11626845549 
-11170355091 
-10497243926 
-9620910919 
-8558689649 
-7331504810 
-5963459780 
-4481364621 
-2914208897 
-1292596592 
351853121 
1987121483 
3581414187 
5103778720 
6524705854 
7816702155 
8954821060 
9917144708 
10685205712 
11244342234 
11583976793 
11697817585 
11583973514 
11244985539 
10687769678 
9923478282 
8967274370 
7838032595 
6557966545 
5152192096 
3648234145 
2075487558 
464642536 
-1152913277 
-2745707445 
-4282794320 
-5734357440 
-7072285965 
-8270721362 
-9306554937 
-10159875236 
-10814350006 
-11257538188 
-11481126414 
-11481085526 
-11257740423 
-10815760970 
-10164062578 
-9315627343 
-8287245841 
-7099184115 
-5774784057 
-4340006228 
-2822919212 
-1253152467 
338683953 
1921595343 
3464806468 
4938359056 
6313693955 
7564205124 
8665753464 
9597132924 
10340478400 
10881609118 
11210298636 
11320467598 
11210296391 
10882254484 
10343045407 
9603469891 
8678210456 
7585539459 
6346958679 
4986776526 
3531630499 
2009965392 
451477165 
-1113465605 
-2654414533 
-4141433082 
-5545679310 
-6839963347 
-7999276153 
-9001270511 
-9826693603 
-10459756170 
-10888433915 
-11104695898 
-11104655559 
-10888637787 
-10461169826 
-9830884641 
-9010348114 
-8015807230 
-6866869370 
-5586114916 
-4198654922 
-2731636983 
-1213716020 
325507032 
1856061528 
3348191301 
4772932317 
6102675489 
7311702164 
8376680696 
9277116812 
9995747700 
10518873621 
10836618568 
10943116793 
10836619562 
10519524815 
9998322452 
9283463860 
8389149900 
7333050614 
6135955954 
4821366847 
3415033379 
1944450260 
438319200 
-1074010300 
-2563113910 
-4000064204 
-5356993761 
-6607633677 
-7727824395 
-8695980161 
-9493506793 
-10105158002 
-10519326238 
-10728262976 
-10728224230 
-10519534854 
-10106579464 
-9497708545 
-8705070610 
-7744370195 
-6634556020 
-5397446964 
-4057304576 
-2640355464 
-1174280021 
312329936 
1790527812 
3231576506 
4607506216 
5891657915 
7059200331 
8087609264 
8957102232 
9651018689 
10156139933 
10462940978 
10565767942 
10462944108 
10156795361 
9653599686 
8963456275 
8100086084 
7080556862 
5924946770 
4655949283 
3298427102 
1878924877 
425150089 
-1034566819 
-2471825557 
-3858707806 
-5168320656 
-6375316176 
-7456384289 
-8390700725 
-9160329943 
-9750568078 
-10150224927 
-10351834419 
-10351795175 
-10150432074 
-9751987118 
-9164528373 
-8399787582 
-7472926302 
-6402234605 
-5208769900 
-3915944246 
-2549063287 
-1134832894 
299164218 
1725005505 
3114972927 
4442090922 
5680650526 
6806707864 
7798546200 
8637094854 
9306295576 
9793411295 
10089265783 
10188419339 
10089266773 
9794063064 
9308872029 
8643442991 
7811015865 
6828056130 
5713930167 
4490524005 
3181812965 
1813391641 
411973284 
-995130720 
-2380544134 
-3717357748 
-4979653181 
-6143003479 
-7184948075 
-8085424191 
-8827154948 
-9395980064 
-9781125549 
-9975407773 
-9975367980 
-9781331059 
-9397396412 
-8831349682 
-8094505851 
-7201483491 
-6169914041 
-5020093436 
-3774584256 
-2457771181 
-1095385570 
285998963 
1659483918 
2998370311 
4276676814 
5469644523 
6554216956 
7509484842 
8317089289 
8961574347 
9430683445 
9715591389 
9811071552 
9715590247 
9431330980 
8964144557 
8323430428 
7521946891 
6575557144 
5502915774 
4325101359 
3065201831 
1747861721 
398800044 
-955690878 
-2289258862 
-3576003810 
-4790981870 
-5910687067 
-6913508338 
-7780144391 
-8493977011 
-9041388920 
-9412022912 
-9598977805 
-9598937468 
-9412226784 
-9042802576 
-8498168049 
-7789221424 
-6930038283 
-5937591425 
-4831415306 
-3633223018 
-2366478269 
-1055937898 
272833592 
1593961752 
2881766666 
4111261244 
5258636657 
6301723821 
7220420929 
7997080895 
8616850077 
9067953529 
9341915958 
9433723773 
9341914759 
9068600958 
8619420129 
8003421260 
7232881600 
6323062052 
5291905414 
4159682806 
2948594770 
1682335775 
385630601 
-916247489 
-2197970363 
-3434647027 
-4602308152 
-5678368735 
-6642067197 
-7474863740 
-8160798789 
-8686798061 
-9042921126 
-9222549239 
-9222508873 
-9043124917 
-8688211585 
-8164989643 
-7483940544 
-6658596872 
-5705272781 
-4642741249 
-3491865873 
-2275189390 
-1016494121 
259664540 
1528436191 
2765159977 
3945843041 
5047626621 
6049229023 
6931355884 
7677071935 
8272125808 
8705223045 
8968239401 
9056374319 
8968237103 
8705868305 
8274692657 
7683409268 
6943813754 
6070564730 
5080893191 
3994262792 
2831986679 
1616809250 
372461042 
-876803752 
-2106681058 
-3293288996 
-4413632768 
-5446048349 
-6370623660 
-7169580394 
-7827617625 
-8332204072 
-8673816082 
-8846117350 
-8846076955 
-8674019792 
-8333617464 
-7831808295 
-7178656968 
-6387153064 
-5472952090 
-4454065526 
-3350507480 
-2183899705 
-977049996 
246495372 
1462910051 
2648552257 
3780423379 
4836614722 
5796731989 
6642288291 
7357060152 
7927398494 
8342489361 
8594560678 
8679023794 
8594559482 
8343136789 
7929967976 
7363400524 
6654749554 
5818071381 
4869885187 
3828847162 
2715383053 
1551287183 
359295848 
-837355830 
-2015387826 
-3151927376 
-4224954200 
-5213725246 
-6099177932 
-6864295418 
-7494435426 
-7977609666 
-8304711242 
-8469686284 
-8469646468 
-8304916671 
-7979025882 
-7498629976 
-6873376848 
-6115713074 
-5240635501 
-4265394116 
-3209153522 
-2092614493 
-937610292 
233321918 
1397379845 
2531940772 
3615000321 
4625599867 
5544232498 
6353218783 
7037047027 
7582670454 
7979757276 
8220884150 
8301676016 
8220885089 
7980408935 
7585246179 
7043394398 
6365687658 
5565579972 
4658878722 
3663432642 
2598780085 
1485765310 
346130379 
-797908644 
-1924095780 
-3010567366 
-4036277637 
-4981404507 
-5827734870 
-6559013366 
-7161256353 
-7623018522 
-7935609741 
-8093258570 
-8093219273 
-7935816725 
-7624437298 
-7165454415 
-6568099195 
-5844275211 
-5008320654 
-4076724033 
-3067800450 
-2001329707 
-898170548 
220148971 
1331850603 
2415330688 
3449579076 
4414587199 
5291735529 
6064152072 
6717036938 
7237945613 
7617026791 
7847208162 
7924327693 
7847209098 
7617678453 
7240521909 
6723385438 
6076622617 
5313085168 
4447868686 
3498014440 
2482173396 
1420239749 
332961327 
-758464867 
-1832806901 
-2869210221 
-3847603580 
-4749085865 
-5556293458 
-6253732487 
-6828077947 
-7268427531 
-7566507874 
-7716829975 
-7716790705 
-7566714940 
-7269846439 
-6832276193 
-6262818544 
-5572834072 
-4776002321 
-3888050315 
-2926443667 
-1910041208 
-858727159 
206979528 
1266324657 
2298723626 
3284160523 
4203576839 
5039240434 
5775086782 
6397027772 
6893221184 
7254296771 
7473532674 
7546979905 
7473533669 
7254948539 
6895797069 
6403375349 
5787555907 
5060588198 
4236856018 
3332593195 
2365563312 
1354710507 
319788380 
-719025123 
-1741522115 
-2727857149 
-3658933497 
-4516771018 
-5284855595 
-5948454833 
-6494902386 
-6913838947 
-7197407929 
-7340402780 
-7340362992 
-7197613439 
-6915255295 
-6499097120 
-5957536493 
-5301391010 
-4543681581 
-3699373752 
-2785083657 
-1818749162 
-819279973 
193814059 
1200802784 
2182120659 
3118746003 
3992570374 
4786749025 
5486024885 
6077021645 
6548499388 
6891568918 
7099858282 
7169632126 
7099857141 
6892216453 
6551070167 
6083364483 
5498489729 
4808093048 
4025846427 
3167176224 
2248958616 
1289187663 
306622716 
-679577353 
-1650228717 
-2586495045 
-3470254139 
-4284446837 
-5013408512 
-5643168259 
-6161718377 
-6559242551 
-6828300963 
-6963969493 
-6963930223 
-6828508029 
-6560661459 
-6165916623 
-5652254317 
-5029949125 
-4311363293 
-3510700874 
-2643728491 
-1727463024 
-779839645 
180640917 
1135272571 
2065508847 
2953322307 
3781554580 
4534248314 
5196953894 
5757006816 
6203769442 
6528834201 
6726179588 
6792282675 
6726181620 
6529488033 
6206348940 
5763358917 
5209428369 
4555602140 
3814840424 
3001762115 
2132356000 
1223666076 
293457461 
-640130029 
-1558936611 
-2445135055 
-3281577675 
-4052126273 
-4741965700 
-5337886528 
-5828539686 
-6204651845 
-6459199947 
-6587542298 
-6587503577 
-6459408650 
-6206073445 
-5832741628 
-5346977783 
-4758512912 
-4079050598 
-3322033399 
-2502378433 
-1636181601 
-740403546 
167464112 
1069739335 
1948894709 
2787897029 
3570537977 
4281747581 
4907883677 
5436993533 
5859041786 
6166101336 
6352501124 
6414932407 
6352504254 
6166756763 
5861623353 
5443349273 
4920363288 
4303107948 
3603831634 
2836345771 
2015751744 
1158143476 
280291841 
-600682416 
-1467643568 
-2303773497 
-3092899044 
-3819802981 
-4470519660 
-5032601125 
-5495356954 
-5850056807 
-6090094393 
-6211110445 
-6211072249 
-6090304647 
-5851480961 
-5499562402 
-5041696201 
-4487070930 
-3846731530 
-3133359066 
-2361021169 
-1544892762 
-700959967 
154294708 
1004213274 
1832287383 
2622478064 
3359527068 
4029251814 
4618817595 
5116983475 
5514316388 
5803370282 
5978825132 
6037584090 
5978828263 
5804025708 
5516897954 
5123339215 
4631297205 
4050612182 
3392820725 
2670926806 
1899144417 
1092617415 
267122437 
-561238837 
-1376354729 
-2162416233 
-2904224711 
-3587483914 
-4199077679 
-4727319543 
-5162177728 
-5495464323 
-5720990390 
-5834679116 
-5834640396 
-5721199093 
-5496885923 
-5166379670 
-4736410798 
-4215624890 
-3614408240 
-2944680435 
-2219659611 
-1453599719 
-661512354 
141129088 
938690674 
1715683127 
2457061720 
3148518278 
3776757623 
4329752514 
4796973829 
5169590800 
5440639010 
5605147766 
5660233825 
5605149799 
5441292842 
5172170298 
4803325930 
4342226988 
3798111450 
3181804122 
2505501528 
1782530280 
1027084179 
253945632 
-521802738 
-1285073306 
-2021066175 
-2715557236 
-3355171219 
-3927641465 
-4422043009 
-4829002733 
-5140876309 
-5351891011 
-5458252471 
-5458213201 
-5352098077 
-5142295217 
-4833200979 
-4431129067 
-3944182079 
-3382087675 
-2756003971 
-2078299621 
-1362307613 
-622065030 
127963833 
873169087 
1599080510 
2291647611 
2937512275 
3524266716 
4040691153 
4476968264 
4824869573 
5077910590 
5231472246 
5282884373 
5231471103 
5078558126 
4827440353 
4483311102 
4053155998 
3545610738 
2970788328 
2340077832 
1665918468 
961553966 
240772490 
-482362410 
-1193787168 
-1879711009 
-2526884358 
-3122852931 
-3656199580 
-4116760833 
-4495822236 
-4786282473 
-4982785601 
-5081819703 
-5081779913 
-4982991111 
-4787698821 
-4500016970 
-4125842493 
-3672734996 
-3149763493 
-2567324613 
-1936937517 
-1271014215 
-582617260 
114798169 
807646243 
1482475815 
2126230640 
2726502684 
3271771564 
3751624975 
4156957399 
4480142671 
4715178506 
4857795718 
4905536590 
4857796712 
4715830274 
4482719126 
4163306105 
3764095766 
3293121498 
2759784495 
2174666355 
1549318895 
896035774 
227610916 
-442911191 
-1102491029 
-1738346926 
-2338203821 
-2890528394 
-3384752972 
-3811475555 
-4162640318 
-4431688922 
-4613682178 
-4705390587 
-4705351868 
-4613890881 
-4433110522 
-4166842260 
-3820566240 
-3401299054 
-2917451055 
-2378657375 
-1795587672 
-1179732976 
-543181313 
101621248 
742112928 
1365861638 
1960805362 
2515486121 
3019270913 
3462554872 
3836944266 
4135415199 
4352446421 
4484118622 
4528187677 
4484120656 
4353100252 
4137994697 
3843296937 
3475030474 
3040626406 
2548774135 
2009247802 
1432711834 
830509828 
214441473 
-403467802 
-1011202530 
-1596990143 
-2149530103 
-2658210060 
-3113311832 
-3506194904 
-3829462096 
-4077098063 
-4244580392 
-4328962020 
-4328923273 
-4244789014 
-4078519531 
-3833663854 
-3515285360 
-3129857643 
-2685132413 
-2189983318 
-1654230527 
-1088444097 
-503737536 
88452196 
676587367 
1249254949 
1795387160 
2304476085 
2766776112 
3173489830 
3516935305 
3790690929 
3989715368 
4110441502 
4150837691 
4110442495 
3990367136 
3793267384 
3523284581 
3185961751 
2788127710 
2337760066 
1843825507 
1316101072 
764980293 
201268624 
-364027572 
-919916878 
-1455635843 
-1960858453 
-2425893340 
-2841871822 
-3200914875 
-3496283975 
-3722506787 
-3875477674 
-3952532026 
-3952492784 
-3875684821 
-3723925827 
-3500482405 
-3210001162 
-2858412707 
-2452810105 
-2001305527 
-1512869651 
-997151565 
-464290252 
75286434 
611064816 
1132650931 
1629971239 
2093467895 
2514282685 
2884425667 
3196926707 
3445966500 
3626985916 
3736766575 
3773490443 
3736767568 
3627637684 
3448542955 
3203275413 
2896896459 
2535632618 
2126749706 
1678406954 
1199494011 
699454347 
188099181 
-324584183 
-828628379 
-1314279060 
-1772184735 
-2193575006 
-2570430683 
-2895634224 
-3163105753 
-3367915928 
-3506375888 
-3576103459 
-3576064190 
-3506582954 
-3369334836 
-3167303999 
-2904720282 
-2586971296 
-2220491463 
-1812631470 
-1371512506 
-905862686 
-424846475 
62117382 
545539255 
1016044242 
1464553037 
1882457859 
2261787884 
2595360625 
2876917746 
3101242230 
3264255432 
3363090584 
3396142123 
3363091577 
3264907200 
3103818115 
2883265323 
2607829752 
2283135647 
1915737038 
1512985709 
1082883927 
633925105 
174926234 
-285144439 
-737343593 
-1172925988 
-1583514652 
-1961260161 
-2298992819 
-2590356571 
-2829930192 
-3013327344 
-3137275943 
-3199676265 
-3199636474 
-3137481453 
-3014743692 
-2834124926 
-2599438801 
-2315529364 
-1988172387 
-1623957077 
-1230155128 
-814573683 
-385402684 
48948232 
480013487 
899437241 
1299134424 
1671447321 
2009292499 
2306294931 
2556908074 
2756517206 
2901525305 
2989414915 
3018794082 
2989415820 
2902176327 
2759092272 
2563254775 
2318763141 
2030639323 
1704725557 
1347566168 
966276030 
568398491 
161756305 
-245701346 
-646055193 
-1031569106 
-1394840638 
-1728941341 
-2027551012 
-2285075084 
-2496750982 
-2658735364 
-2768172925 
-2823246379 
-2823206500 
-2768378172 
-2660151280 
-2500945120 
-2294155999 
-2044085546 
-1755850900 
-1435279793 
-1088794436 
-723281007 
-345954933 
35783253 
414492019 
782834585 
1133720117 
1460440966 
1756801093 
2017232932 
2236901745 
2411795106 
2538797056 
2615740612 
2641446868 
2615740334 
2539446305 
2414368413 
2243246166 
2029698385 
1778144736 
1493715659 
1182148026 
849669321 
502872831 
148587076 
-206257819 
-554766634 
-890212343 
-1206167019 
-1496623184 
-1756110123 
-1979794753 
-2163573142 
-2304144943 
-2399071624 
-2446818334 
-2446778455 
-2399276871 
-2305560859 
-2167767280 
-1988875668 
-1772644657 
-1523532743 
-1246606174 
-947437673 
-631992448 
-306511406 
22614024 
348966359 
666227876 
968301975 
1249431068 
1504306506 
1728168176 
1916893136 
2067071247 
2176067034 
2242065126 
2264099654 
2242066031 
2176718056 
2069645743 
1923238708 
1740634721 
1525651160 
1282706672 
1016730676 
733063270 
437347682 
135418202 
-166814101 
-463478051 
-748855724 
-1017493709 
-1264305494 
-1484669852 
-1674515178 
-1830396181 
-1949554938 
-2029970265 
-2070389760 
-2070349420 
-2030174138 
-1950968594 
-1834587219 
-1683593351 
-1501202057 
-1291213181 
-1057931485 
-806080196 
-540703544 
-267067911 
9444388 
283439923 
549620039 
802882374 
1038419409 
1251809889 
1439101163 
1596882084 
1722344809 
1813335486 
1868388627 
1886750820 
1868389532 
1813987078 
1724920434 
1603229321 
1451569878 
1273157175 
1071698056 
851314470 
616459114 
371825141 
122252599 
-127366513 
-372185074 
-607494273 
-828815223 
-1031982385 
-1213224025 
-1369230016 
-1497213713 
-1594960751 
-1660866132 
-1693959874 
-1693920561 
-1661073064 
-1596379440 
-1501411658 
-1378315698 
-1229764193 
-1058898336 
-869261402 
-664727124 
-449418758 
-227628167 
-3728559 
217910681 
433009955 
637461129 
827406741 
999312918 
1150034456 
1276871994 
1377619969 
1450605572 
1494713195 
1509403036 
1494714046 
1451256486 
1380195446 
1283219617 
1162504081 
1020661621 
860687285 
685895565 
499851767 
306298981 
109083018 
-87923184 
-280896555 
-466137391 
-640141328 
-799663801 
-941782566 
-1063948983 
-1164035053 
-1240369407 
-1291763824 
-1317530758 
-1317491401 
-1291970627 
-1241787883 
-1168233273 
-1073035425 
-958323962 
-826581426 
-680589595 
-523372702 
-358133024 
-188187894 
-16901407 
152381107 
316399113 
472038716 
616392517 
746814034 
860964945 
956858266 
1032890727 
1087870006 
1121031544 
1132049155 
1121032703 
1088521531 
1035467104 
963207063 
873435994 
768164383 
649675468 
520476273 
383244698 
240773760 
95915017 
-48477663 
-189605275 
-324777233 
-451463707 
-567341111 
-670336704 
-758663335 
-830851655 
-885772726 
-922655681 
-941095423 
-941055759 
-922861570 
-887189699 
-835047244 
-767746638 
-686874515 
-594254776 
-491907712 
-382008066 
-266837136 
-148737725 
-30064809 
86860344 
199796276 
306623347 
405384238 
494319880 
571899999 
636848847 
688165454 
725138563 
747354658 
754699449 
747354864 
725788772 
690739037 
643193996 
584366619 
515665103 
438660897 
355053567 
266633624 
175244018 
82742070 
-9037419 
-98319499 
-183422700 
-262791721 
-335023957 
-398896172 
-453382705 
-497672867 
-531181297 
-553553329 
-564666307 
-564626643 
-553759218 
-532598270 
-501868456 
-462466008 
-415433983 
-361937622 
-303235726 
-240653533 
-175551360 
-109297481 
-43237756 
21330602 
83185202 
141200641 
194369667 
241820600 
282830624 
316835780 
343437387 
362405804 
373676819 
377349743 
373677978 
363057329 
346013764 
323184577 
295301673 
263170949 
227652048 
189637069 
150029122 
109721085 
69576036 
30409707 
-7027006 
-42061745 
-74113733 
-102701340 
-127450818 
-148097991 
-164490812 
-176586910 
-184447819 
-188233892 
-188194153 
-184653482 
-178003511 
-168686458 
-157181211 
-143988406 
-129614647 
-114557254 
-99291975 
-84258158 
-69849553 
-56402912 
-44191392 
-33418320 
-24214854 
-16638176 
-10672565 
-6233370 
-3172741 
-1287060 
-324900 
0 
0 
