130 
28204 
-5617 
-19653 
1871 
18221 
43 
-17099 
-6648 
636 
2486 
21928 
-9410 
-28235 
6110 
-14828 
-30001 
-30198 
16122 
-28687 
-23914 
30787 
-28049 
12877 
-26845 
-21501 
20761 
-16949 
13647 
-24005 
-23173 
-7749 
14501 
-22624 
22104 
-27023 
3391 
-3650 
28945 
-4528 
31771 
-8346 
11959 
17722 
-29499 
14133 
-25270 
19793 
-15326 
6524 
-15376 
22638 
-20915 
-13571 
17969 
24447 
9010 
-15645 
-7893 
12692 
-16784 
15031 
-10267 
-25655 
-14467 
-4726 
-1876 
-22816 
20737 
-17379 
29595 
12174 
-11719 
20220 
-2266 
4710 
13888 
26666 
6889 
32467 
-23923 
9058 
6677 
-18659 
8139 
-652 
27342 
7514 
-5340 
-27968 
15576 
-14525 
-7510 
26223 
-7385 
31734 
18319 
-24972 
12181 
15924 
13052 
-21535 
16267 
21913 
4179 
-6719 
21881 
22572 
15117 
11145 
-24170 
21428 
-11047 
-5944 
-5627 
4849 
-21618 
-3165 
11049 
-14263 
1866 
13609 
18994 
-10667 
8200 
13163 
29438 
-20422 
-6884 
335 
21463 
-20224 
-12714 
-6439 
-13917 
18496 
-9688 
23608 
25537 
-19237 
-25684 
8233 
8792 
-11969 
-21520 
3932 
-4894 
20606 
-3400 
20830 
8255 
-30569 
-12865 
-16874 
8690 
8634 
19342 
3677 
-27797 
30036 
29339 
4018 
-12724 
-3871 
-15920 
-6158 
11957 
-28725 
32566 
19094 
-13357 
-32565 
23460 
-3866 
24470 
-9279 
16389 
20072 
-8549 
16824 
30194 
7155 
-9688 
5479 
-16356 
-21245 
-28110 
31936 
32326 
30716 
25315 
342 
-21645 
6642 
4294 
1813 
10214 
10501 
15885 
-13646 
-23004 
13130 
6916 
-23639 
16016 
32303 
1397 
11618 
7751 
-3708 
25702 
-30004 
21874 
-2528 
-7602 
-16121 
-12087 
24600 
20807 
1936 
9315 
30905 
26628 
-32199 
580 
22308 
5330 
27968 
864 
22139 
30108 
-3645 
-25952 
-7106 
6048 
-12839 
-16958 
-4744 
3109 
-32748 
-30206 
-7225 
-13565 
-5359 
-32076 
23840 
-23773 
30988 
-10095 
11640 
29225 
-5483 
-14154 
-30274 
-30535 
-20126 
10650 
-20213 
-7119 
3647 
-3081 
-11007 
-21931 
12505 
-21958 
-16589 
7418 
-31951 
-10727 
-3400 
-20722 
28877 
-12897 
-15702 
-27309 
-9571 
-11780 
22047 
-16427 
-21569 
-31642 
20517 
2259 
-10359 
941 
8719 
-4401 
-2966 
14455 
26044 
-23118 
4195 
24618 
24036 
-27099 
-5462 
26167 
27174 
7051 
8020 
-12759 
-6602 
28383 
9329 
-19666 
23814 
15481 
7447 
-13937 
4269 
-429 
16532 
1955 
6910 
15598 
24805 
19827 
30465 
-25330 
-4289 
17960 
-18018 
1739 
-4772 
30059 
-31979 
-32760 
-32117 
5989 
-22312 
-6370 
15217 
-16863 
5945 
-9061 
-25997 
-2130 
-6077 
7868 
-5017 
30391 
-12805 
-13386 
11313 
23334 
-31557 
8719 
-13307 
18558 
-13354 
7485 
9169 
-3102 
25756 
-3683 
-26478 
-1838 
-20278 
-12620 
-24581 
-5274 
-14937 
-14790 
29610 
28971 
3943 
6496 
14739 
2402 
-5196 
-21076 
-21425 
27936 
-23908 
-990 
18843 
-18055 
-13696 
13450 
2238 
-23374 
-3551 
-23916 
6418 
-5881 
21588 
-16212 
-24436 
4453 
17337 
12280 
13795 
-32660 
19864 
31966 
-3309 
-24008 
-11312 
15770 
9133 
-10737 
4654 
-22718 
-17251 
31180 
29166 
-30127 
-31258 
15533 
-30050 
7652 
-32424 
31446 
-3172 
-9430 
13042 
18872 
4135 
10482 
-14174 
18669 
-30383 
-19461 
14726 
14096 
-12637 
19088 
20416 
24870 
-23138 
30135 
-20961 
-14391 
-12778 
9680 
23111 
6788 
-3162 
-21301 
-26727 
18051 
-32454 
13681 
-24986 
12647 
30432 
-12791 
-7720 
-15829 
20211 
9344 
6744 
-16968 
8866 
20000 
16500 
25604 
6111 
22547 
9596 
-8813 
452 
-9976 
26357 
-875 
27375 
-29722 
-25767 
14218 
-22553 
-22208 
-11849 
-5953 
-11278 
15762 
-16494 
6803 
-9653 
1155 
27892 
-29420 
-29818 
-29780 
28003 
16164 
-32592 
3 
-31825 
-22075 
10734 
-22885 
-9752 
16624 
22525 
-19859 
-32557 
-15109 
-26897 
-9140 
11325 
-1528 
21517 
-2213 
2522 
19659 
-2414 
8648 
-19519 
19007 
-271 
-17756 
-4994 
-18263 
28227 
-25057 
4341 
-22824 
-16388 
-22264 
24962 
30163 
-30038 
-16246 
26213 
-5896 
8442 
4059 
4147 
2777 
21750 
26340 
-12794 
31780 
-10651 
29808 
21106 
-23459 
3953 
-19323 
-1534 
23130 
27381 
-20462 
-12879 
9332 
28173 
-22771 
-3215 
-24890 
23931 
1463 
22148 
15875 
11195 
-2182 
-29240 
23186 
28338 
14561 
19034 
-20900 
-19172 
12710 
-27936 
-26928 
11976 
31431 
6045 
-245 
-26342 
-3548 
-7377 
-24884 
-27098 
2202 
5570 
25535 
14570 
6701 
13067 
31067 
-24125 
-9570 
-3903 
-6490 
-30344 
-2261 
-25231 
28681 
-16417 
-15516 
5164 
23462 
2078 
-23902 
-24915 
-9052 
14960 
20274 
6446 
4877 
13982 
-22261 
-28952 
-2184 
17843 
-756 
10803 
-3340 
8043 
32751 
28954 
-13705 
4019 
-15576 
-391 
4174 
14292 
30401 
8377 
-26933 
11119 
-13611 
6157 
-16620 
14318 
-32430 
18031 
-21501 
-21193 
-27788 
-15911 
-23671 
31913 
-1621 
-24806 
-6442 
-11842 
-8107 
-26812 
10042 
-21510 
-25757 
-4075 
-5535 
-20707 
8571 
16268 
13131 
-5756 
-21014 
-27470 
30412 
19904 
-4507 
-26107 
-9335 
20826 
-945 
-15788 
23527 
14546 
-18375 
-16914 
-9862 
-21768 
-12433 
-4248 
-28043 
15983 
21323 
27836 
31293 
-29379 
9092 
-26530 
13321 
-20870 
4008 
24959 
-25824 
-6714 
-12367 
6941 
2145 
23850 
-22956 
-10390 
24767 
18403 
29916 
-28210 
-24859 
-17437 
20973 
-32486 
20462 
-27421 
13662 
-10352 
32495 
19453 
-14710 
-22385 
-29230 
-14360 
2243 
20788 
-9458 
-8910 
-16367 
31156 
5218 
19429 
1656 
4606 
23850 
30024 
-23394 
23034 
-12338 
5247 
-25564 
10732 
-10877 
-13132 
11834 
-21730 
10722 
-13560 
20608 
-1335 
-80 
-21077 
-7466 
-13801 
-5083 
2801 
12126 
-31602 
-21270 
29132 
-18122 
2044 
16711 
1666 
13822 
-29152 
-3543 
-4059 
-16970 
-27587 
-13882 
-5056 
-23766 
18168 
13614 
-21400 
1664 
20363 
11015 
15411 
6620 
11427 
24674 
-22717 
28903 
-17541 
-20665 
-1184 
29968 
-21087 
18425 
9274 
29713 
4709 
30516 
27772 
31276 
28838 
-8545 
-5769 
-25559 
-6134 
-19793 
-16788 
-22653 
1050 
31364 
-27010 
32381 
12131 
-16140 
19203 
21691 
-25790 
-1110 
29709 
14446 
-24071 
-7788 
-12684 
22001 
-31771 
17985 
-4719 
12897 
-23838 
-26603 
1853 
2280 
26970 
-27742 
-9492 
-19848 
381 
30942 
-29040 
30867 
2811 
-32665 
22258 
27544 
30910 
-7351 
-3677 
-16750 
-7930 
12894 
10127 
-20104 
21385 
-159 
-15575 
-27182 
28715 
-28699 
-15226 
-6841 
5258 
6866 
-7190 
-11002 
3433 
25968 
-10902 
-27911 
23680 
29355 
21864 
-1133 
753 
-19574 
-14716 
-26929 
-19672 
-22700 
-14559 
18677 
-27229 
17820 
30043 
-19420 
10875 
-11812 
-15805 
14714 
-1511 
-31380 
-28559 
15291 
14168 
-28857 
2648 
3222 
-3427 
-1010 
27542 
-16209 
20405 
-31989 
3975 
-15372 
-4888 
10024 
28878 
-995 
-25682 
-23466 
28092 
4475 
11230 
-23390 
-14963 
-28443 
-11507 
3926 
-9760 
-28781 
-17806 
16898 
-16322 
-30951 
-30236 
-30801 
12939 
-18265 
27869 
-17886 
17604 
-24086 
-21400 
-14088 
15640 
-10704 
4856 
-31365 
-20000 
11464 
-14663 
-20218 
13087 
17543 
32266 
-4761 
-9368 
-3929 
-445 
-7541 
15812 
-31595 
14732 
-4493 
13617 
13904 
27297 
-343 
4862 
-5389 
24780 
-10877 
-12822 
21289 
25344 
-11347 
-15859 
-7118 
-10199 
-5996 
14146 
7512 
18165 
10287 
15739 
14235 
-32576 
810 
-26861 
-26887 
-16602 
-25206 
-28024 
-31455 
14163 
26379 
11779 
20208 
-10682 
793 
2010 
-32245 
-5526 
-16377 
-31292 
-3630 
14908 
-2926 
-19186 
2211 
10806 
15041 
31267 
-4561 
-1692 
-10167 
-21220 
-5330 
2232 
-30674 
26985 
32348 
5921 
32692 
15640 
25479 
26453 
11 
19997 
943 
-32644 
-13520 
673 
11589 
252 
-12635 
12965 
20517 
-32766 
10459 
25169 
-20474 
3728 
-30991 
13445 
16457 
16983 
19228 
13340 
-10139 
25554 
-6556 
-29447 
0 
23529 
