0 
570 
1128 
1664 
2170 
2632 
3042 
3394 
3680 
3894 
4032 
4092 
4072 
3974 
3796 
3546 
3226 
2844 
2406 
1922 
1400 
850 
284 
-284 
-850 
-1400 
-1922 
-2406 
-2844 
-3226 
-3546 
-3796 
-3974 
-4072 
-4092 
-4032 
-3894 
-3680 
-3394 
-3042 
-2632 
-2170 
-1664 
-1128 
-570 
0 
570 
1128 
1664 
2170 
2632 
3042 
3394 
3680 
3894 
4032 
4092 
4072 
3974 
3796 
3546 
3226 
2844 
2406 
1922 
1400 
850 
284 
-284 
-850 
-1400 
-1922 
-2406 
-2844 
-3226 
-3546 
-3796 
-3974 
-4072 
-4092 
-4032 
-3894 
-3680 
-3394 
-3042 
-2632 
-2170 
-1664 
-1128 
-570 
0 
570 
1128 
1664 
2170 
2632 
3042 
3394 
3680 
3894 
4032 
4092 
4072 
3974 
3796 
3546 
3226 
2844 
2406 
1922 
1400 
850 
284 
-284 
-850 
-1400 
-1922 
-2406 
-2844 
-3226 
-3546 
-3796 
-3974 
-4072 
-4092 
-4032 
-3894 
-3680 
-3394 
-3042 
-2632 
-2170 
-1664 
-1128 
-570 
0 
570 
1128 
1664 
2170 
2632 
3042 
3394 
3680 
3894 
4032 
4092 
4072 
3974 
3796 
3546 
3226 
2844 
2406 
1922 
1400 
850 
284 
-284 
-850 
-1400 
-1922 
-2406 
-2844 
-3226 
-3546 
-3796 
-3974 
-4072 
-4092 
-4032 
-3894 
-3680 
-3394 
-3042 
-2632 
-2170 
-1664 
-1128 
-570 
0 
570 
1128 
1664 
2170 
2632 
3042 
3394 
3680 
3894 
4032 
4092 
4072 
3974 
3796 
3546 
3226 
2844 
2406 
1922 
1400 
850 
284 
-284 
-850 
-1400 
-1922 
-2406 
-2844 
-3226 
-3546 
-3796 
-3974 
-4072 
-4092 
-4032 
-3894 
-3680 
-3394 
-3042 
-2632 
-2170 
-1664 
-1128 
-570 
0 
570 
1128 
1664 
2170 
2632 
3042 
3394 
3680 
3894 
4032 
4092 
4072 
3974 
3796 
3546 
3226 
2844 
2406 
1922 
1400 
850 
284 
-284 
-850 
-1400 
-1922 
-2406 
-2844 
-3226 
-3546 
-3796 
-3974 
-4072 
-4092 
-4032 
-3894 
-3680 
-3394 
-3042 
-2632 
-2170 
-1664 
-1128 
-570 
0 
570 
1128 
1664 
2170 
2632 
3042 
3394 
3680 
3894 
4032 
4092 
4072 
3974 
3796 
3546 
3226 
2844 
2406 
1922 
1400 
850 
284 
-284 
-850 
-1400 
-1922 
-2406 
-2844 
-3226 
-3546 
-3796 
-3974 
-4072 
-4092 
-4032 
-3894 
-3680 
-3394 
-3042 
-2632 
-2170 
-1664 
-1128 
-570 
0 
570 
1128 
1664 
2170 
2632 
3042 
3394 
3680 
3894 
4032 
4092 
4072 
3974 
3796 
3546 
3226 
2844 
2406 
1922 
1400 
850 
284 
-284 
-850 
-1400 
-1922 
-2406 
-2844 
-3226 
-3546 
-3796 
-3974 
-4072 
-4092 
-4032 
-3894 
-3680 
-3394 
-3042 
-2632 
-2170 
-1664 
-1128 
-570 
0 
570 
1128 
1664 
2170 
2632 
3042 
3394 
3680 
3894 
4032 
4092 
4072 
3974 
3796 
3546 
3226 
2844 
2406 
1922 
1400 
850 
284 
-284 
-850 
-1400 
-1922 
-2406 
-2844 
-3226 
-3546 
-3796 
-3974 
-4072 
-4092 
-4032 
-3894 
-3680 
-3394 
-3042 
-2632 
-2170 
-1664 
-1128 
-570 
0 
570 
1128 
1664 
2170 
2632 
3042 
3394 
3680 
3894 
4032 
4092 
4072 
3974 
3796 
3546 
3226 
2844 
2406 
1922 
1400 
850 
284 
-284 
-850 
-1400 
-1922 
-2406 
-2844 
-3226 
-3546 
-3796 
-3974 
-4072 
-4092 
-4032 
-3894 
-3680 
-3394 
-3042 
-2632 
-2170 
-1664 
-1128 
-570 
0 
570 
1128 
1664 
2170 
2632 
3042 
3394 
3680 
3894 
4032 
4092 
4072 
3974 
3796 
3546 
3226 
2844 
2406 
1922 
1400 
850 
284 
-284 
-850 
-1400 
-1922 
-2406 
-2844 
-3226 
-3546 
-3796 
-3974 
-4072 
-4092 
-4032 
-3894 
-3680 
-3394 
-3042 
-2632 
-2170 
-1664 
-1128 
-570 
0 
570 
1128 
1666 
2170 
2632 
3042 
3394 
3680 
3894 
4032 
4092 
4072 
3974 
3796 
3546 
3226 
2844 
2406 
1922 
1400 
850 
284 
-284 
-850 
-1400 
-1922 
-2406 
-2844 
-3226 
-3546 
-3796 
-3974 
-4072 
-4092 
-4032 
-3894 
-3680 
-3394 
-3042 
-2632 
-2170 
-1664 
-1128 
-570 
0 
570 
1128 
1664 
2170 
2632 
3042 
3394 
3680 
3894 
4032 
4092 
4072 
3974 
3796 
3546 
3226 
2844 
2406 
1922 
1400 
850 
284 
-284 
-850 
-1400 
-1922 
-2406 
-2844 
-3226 
-3546 
-3796 
-3974 
-4072 
-4092 
-4032 
-3894 
-3680 
-3394 
-3042 
-2632 
-2170 
-1666 
-1128 
-570 
0 
570 
1128 
1664 
2170 
2632 
3042 
3394 
3680 
3894 
4032 
4092 
4072 
3974 
3796 
3546 
3226 
2844 
2406 
1922 
1400 
850 
284 
-284 
-850 
-1400 
-1922 
-2406 
-2844 
-3226 
-3546 
-3796 
-3974 
-4072 
-4092 
-4032 
-3894 
-3680 
-3394 
-3042 
-2632 
-2170 
-1664 
-1128 
-570 
0 
570 
1128 
1666 
2170 
2632 
3042 
3394 
3680 
3894 
4032 
4092 
4072 
3974 
3796 
3546 
3226 
2844 
2406 
1922 
1400 
850 
284 
-284 
-850 
-1400 
-1922 
-2406 
-2844 
-3226 
-3546 
-3796 
-3974 
-4072 
-4092 
-4032 
-3894 
-3680 
-3394 
-3042 
-2632 
-2170 
-1664 
-1128 
-570 
0 
570 
1128 
1664 
2170 
2632 
3042 
3394 
3680 
3894 
4032 
4092 
4072 
3974 
3796 
3546 
3226 
2844 
2406 
1922 
1400 
850 
284 
-284 
-850 
-1400 
-1922 
-2406 
-2844 
-3226 
-3546 
-3796 
-3974 
-4072 
-4092 
-4032 
-3894 
-3680 
-3394 
-3042 
-2632 
-2170 
-1666 
-1128 
-570 
0 
570 
1128 
1664 
2170 
2632 
3042 
3394 
3680 
3894 
4032 
4092 
4072 
3974 
3796 
3546 
3226 
2844 
2406 
1922 
1400 
850 
284 
-284 
-850 
-1400 
-1922 
-2406 
-2844 
-3226 
-3546 
-3796 
-3974 
-4072 
-4092 
-4032 
-3894 
-3680 
-3394 
-3042 
-2632 
-2170 
-1664 
-1128 
-570 
0 
570 
1128 
1666 
2170 
2632 
3042 
3394 
3680 
3894 
4032 
4092 
4072 
3974 
3796 
3546 
3226 
2844 
2406 
1922 
1400 
850 
284 
-284 
-850 
-1400 
-1922 
-2406 
-2844 
-3226 
-3546 
-3796 
-3974 
-4072 
-4092 
-4032 
-3894 
-3680 
-3394 
-3042 
-2632 
-2170 
-1664 
-1128 
-570 
0 
570 
1128 
1664 
2170 
2632 
3042 
3394 
3680 
3894 
4032 
4092 
4072 
3974 
3796 
3546 
3226 
2844 
2406 
1922 
1400 
850 
284 
-284 
-850 
-1400 
-1922 
-2406 
-2844 
-3226 
-3546 
-3796 
-3974 
-4072 
-4092 
-4032 
-3894 
-3680 
-3394 
-3042 
-2632 
-2170 
-1666 
-1128 
-570 
0 
570 
1128 
1664 
2170 
2632 
3042 
3394 
3680 
3894 
4032 
4092 
4072 
3974 
3796 
3546 
3226 
2844 
2406 
1922 
1400 
850 
284 
-284 
-850 
-1400 
-1922 
-2406 
-2844 
-3226 
-3546 
-3796 
-3974 
-4072 
-4092 
-4032 
-3894 
-3680 
-3394 
-3042 
-2632 
-2170 
-1664 
-1128 
-570 
0 
570 
1128 
1666 
2170 
2632 
3042 
3394 
3680 
3894 
4032 
4092 
4072 
3974 
3796 
3546 
3226 
2844 
2406 
1922 
1400 
850 
284 
-284 
-850 
-1400 
-1922 
-2406 
-2844 
-3226 
-3546 
-3796 
-3974 
-4072 
-4092 
-4032 
-3894 
-3680 
-3394 
-3042 
-2632 
-2170 
-1664 
-1128 
-570 
0 
570 
1128 
1664 
2170 
2632 
3042 
3394 
3680 
3894 
4032 
4092 
4072 
3974 
3796 
3546 
3226 
2844 
2406 
1922 
1400 
850 
284 
-284 
-850 
-1400 
-1922 
-2406 
-2844 
-3226 
-3546 
-3796 
-3974 
-4072 
-4092 
-4032 
-3894 
-3680 
-3394 
-3042 
-2632 
-2170 
-1664 
-1128 
-570 
0 
570 
1128 
1664 
2170 
2632 
3042 
3394 
3680 
3894 
4032 
4092 
4072 
3974 
3796 
3546 
3226 
2844 
2406 
1922 
1400 
850 
284 
-284 
-850 
-1400 
-1922 
-2406 
-2844 
-3226 
-3546 
-3796 
-3974 
-4072 
