13619218070 
13617719675 
13613260087 
13605839817 
13595460520 
13582124343 
13565834390 
13546594225 
13524408171 
13499281256 
13471218852 
13440227172 
13406313003 
13369483865 
13329747841 
13287113735 
13241591063 
13193189754 
13141920370 
13087794494 
13030823822 
12971020877 
12908399022 
12842971894 
12774754047 
12703760373 
12630006682 
12553508966 
12474284308 
12392349960 
12307724129 
12220425272 
12130472798 
12037886294 
11942686374 
11844893926 
11744530336 
11641617838 
11536179142 
11428237200 
11317815994 
11204939806 
11089633283 
10971921964 
10851831793 
10729388935 
10604620573 
10477554130 
10348217541 
10216639089 
10082847848 
9946873324 
9808745185 
9668493980 
9526150585 
9381746294 
9235312613 
9086882000 
8936487015 
8784160589 
8629936350 
8473848238 
8315930316 
8156217509 
7994744913 
7831547821 
7666662290 
7500124353 
7331970769 
7162238485 
6990964609 
6818186936 
6643943225 
6468271913 
6291211467 
6112800848 
5933079109 
5752085697 
5569860507 
5386443358 
5201874526 
5016194713 
4829444421 
4641664718 
4452896717 
4263182069 
4072562183 
3881078911 
3688774214 
3495690268 
3301869433 
3107354198 
2912187192 
2716411208 
2520069174 
2323204093 
2125859161 
1928077362 
1729902276 
1531377268 
1332545689 
1133451224 
934137498 
734647994 
535026325 
335316393 
135561752 
-64193696 
-263906473 
-463532827 
-663029112 
-862351697 
-1061457000 
-1260301305 
-1458841511 
-1657034001 
-1854835461 
-2052202720 
-2249092618 
-2445462137 
-2641268609 
-2836469046 
-3031021036 
-3224881939 
-3418009607 
-3610361927 
-3801896723 
-3992572411 
-4182347410 
-4371180354 
-4559029888 
-4745855428 
-4931616077 
-5116271419 
-5299781203 
-5482105457 
-5663204726 
-5843039373 
-6021570465 
-6198758980 
-6374566602 
-6548954901 
-6721886152 
-6893322818 
-7063227625 
-7231563700 
-7398294522 
-7563383874 
-7726796138 
-7888495719 
-8048447543 
-8206617133 
-8362970048 
-8517472613 
-8670091212 
-8820792986 
-8969545388 
-9116316226 
-9261073790 
-9403786830 
-9544424519 
-9682956532 
-9819352999 
-9953584660 
-10085622472 
-10215438150 
-10343003616 
-10468291595 
-10591275166 
-10711927953 
-10830223840 
-10946137651 
-11059644745 
-11170720626 
-11279341543 
-11385484249 
-11489126324 
-11590245422 
-11688820194 
-11784829476 
-11878253035 
-11969071019 
-12057264192 
-12142813846 
-12225701898 
-12305910863 
-12383423788 
-12458224568 
-12530297297 
-12599627094 
-12666199226 
-12730000029 
-12791015979 
-12849234662 
-12904643994 
-12957232593 
-13006989624 
-13053904971 
-13097969055 
-13139173123 
-13177508756 
-13212968294 
-13245544920 
-13275232053 
-13302024147 
-13325916109 
-13346903473 
-13364982238 
-13380149422 
-13392402455 
-13401739659 
-13408159612 
-13411661659 
-13412245874 
-13409913101 
-13404664448 
-13396502116 
-13385428511 
-13371447025 
-13354561548 
-13334776606 
-13312097360 
-13286529386 
-13258079536 
-13226754605 
-13192562369 
-13155511074 
-13115609678 
-13072867950 
-13027295922 
-12978904526 
-12927705061 
-12873709729 
-12816931018 
-12757382353 
-12695077598 
-12630031252 
-12562258402 
-12491774478 
-12418596168 
-12342740094 
-12264223710 
-12183065026 
-12099282614 
-12012895628 
-11923923992 
-11832387853 
-11738307982 
-11641706008 
-11542603694 
-11441023730 
-11336988929 
-11230523087 
-11121650248 
-11010394866 
-10896782249 
-10780837849 
-10662588029 
-10542059387 
-10419279079 
-10294274771 
-10167074490 
-10037706690 
-9906200589 
-9772585676 
-9636891947 
-9499149769 
-9359390011 
-9217643965 
-9073943353 
-8928320264 
-8780807435 
-8631437673 
-8480244288 
-8327260998 
-8172521941 
-8016061601 
-7857914803 
-7698116830 
-7536703188 
-7373710011 
-7209173325 
-7043129706 
-6875616072 
-6706669606 
-6536327806 
-6364628491 
-6191609700 
-6017309820 
-5841767639 
-5665021887 
-5487111485 
-5308076189 
-5127955242 
-4946788646 
-4764616470 
-4581478940 
-4397416526 
-4212469873 
-4026679796 
-3840087289 
-3652733328 
-3464659361 
-3275906861 
-3086517405 
-2896532497 
-2705994159 
-2514944098 
-2323424536 
-2131477394 
-1939144835 
-1746469329 
-1553493002 
-1360258169 
-1166807441 
-973182851 
-779427241 
-585582929 
-391692096 
-197797452 
-3941447 
189833539 
383485143 
576971178 
770249179 
963277148 
1156012931 
1348414236 
1540439329 
1732046312 
1923193444 
2113839083 
2303941695 
2493459909 
2682352683 
2870578762 
3058097434 
3244867749 
3430849380 
3616001916 
3800285222 
3983659130 
4166084131 
4347520871 
4527929897 
4707272192 
4885509122 
5062602035 
5238512821 
5413203534 
5586636468 
5758774279 
5929579811 
6099016317 
6267047518 
6433637081 
6598749408 
6762348839 
6924400438 
7084869483 
7243721545 
7400922625 
7556439276 
7710238022 
7862286242 
8012551272 
8161001240 
8307604507 
8452329870 
8595146528 
8736024343 
8874933220 
9011843829 
9146727217 
9279554832 
9410298575 
9538930840 
9665424536 
9789753132 
9911890344 
10031810678 
10149488950 
10264900528 
10378021301 
10488827551 
10597296447 
10703405195 
10807131920 
10908454934 
11007353610 
11103807368 
11197796317 
11289301126 
11378303211 
11464784366 
11548726919 
11630113839 
11708928580 
11785155232 
11858778432 
11929783587 
11998156513 
12063883608 
12126951918 
12187348904 
12245062860 
12300082689 
12352397554 
12401997640 
12448873544 
12493016403 
12534418050 
12573070838 
12608967797 
12642102733 
12672469833 
12700063968 
12724880599 
12746915764 
12766166176 
12782629111 
12796302676 
12807185395 
12815276418 
12820575279 
12823082594 
12822799513 
12819727426 
12813868568 
12805225956 
12793803020 
12779603812 
12762633013 
12742895838 
12720398231 
12695146598 
12667148233 
12636410652 
12602942294 
12566752037 
12527849373 
12486244339 
12441947608 
12394970433 
12345324776 
12293022893 
12238077939 
12180503329 
12120313270 
12057522561 
11992146414 
11924200661 
11853701672 
11780666395 
11705112466 
11627057775 
11546520995 
11463521102 
11378077901 
11290211508 
11199942679 
11107292538 
11012282836 
10914935788 
10815274098 
10713320960 
10609100322 
10502636114 
10393953054 
10283076461 
10170031731 
10054845167 
9937543082 
9818152659 
9696701289 
9573216859 
9447727475 
9320262014 
9190849625 
9059519834 
8926302597 
8791228267 
8654327570 
8515631667 
8375171966 
8232980371 
8089089133 
7943530956 
7796338653 
7647545438 
7497184910 
7345291001 
7191897946 
7037040292 
6880753078 
6723071220 
6564030171 
6403665652 
6242013578 
6079110239 
5914992056 
5749695784 
5583258404 
5415717093 
5247109242 
5077472454 
4906844617 
4735263654 
4562767835 
4389395348 
4215184888 
4040175177 
3864404879 
3687913185 
3510739035 
3332921864 
3154500856 
2975515501 
2796005357 
2616010091 
2435569448 
2254723235 
2073511359 
1891973712 
1710150099 
1528080759 
1345805464 
1163364515 
980797788 
798145331 
615447221 
432743490 
250074176 
67479223 
-115001586 
-297328195 
-479460984 
-661360163 
-842986062 
-1024299118 
-1205259855 
-1385828840 
-1565967038 
-1745635087 
-1924794165 
-2103405360 
-2281429999 
-2458829454 
-2635565549 
-2811599847 
-2986894440 
-3161411542 
-3335113431 
-3507962652 
-3679921961 
-3850954556 
-4021023608 
-4190092591 
-4358125157 
-4525085312 
-4690937209 
-4855645558 
-5019175107 
-5181490890 
-5342558248 
-5502342813 
-5660810717 
-5817928209 
-5973661928 
-6127978716 
-6280845854 
-6432231091 
-6582102395 
-6730427853 
-6877176538 
-7022317251 
-7165819623 
-7307653438 
-7447788881 
-7586196538 
-7722847538 
-7857713328 
-7990765493 
-8121976651 
-8251319257 
-8378766608 
-8504292183 
-8627869978 
-8749474455 
-8869080412 
-8986663393 
-9102199206 
-9215664265 
-9327035154 
-9436289277 
-9543404312 
-9648358491 
-9751130469 
-9851699605 
-9950045604 
-10046148648 
-10139989419 
-10231549325 
-10320810096 
-10407753997 
-10492363775 
-10574622927 
-10654515062 
-10732024804 
-10807137178 
-10879837493 
-10950111886 
-11017946930 
-11083329666 
-11146247744 
-11206689485 
-11264643713 
-11320099707 
-11373047253 
-11423477048 
-11471379989 
-11516747643 
-11559572149 
-11599846381 
-11637563503 
-11672717224 
-11705302248 
-11735313366 
-11762746282 
-11787597106 
-11809862487 
-11829539670 
-11846626671 
-11861121651 
-11873023817 
-11882332815 
-11889048617 
-11893172067 
-11894704218 
-11893647071 
-11890003301 
-11883775376 
-11874967313 
-11863583070 
-11849627122 
-11833105061 
-11814022502 
-11792385914 
-11768202025 
-11741478663 
-11712223630 
-11680445485 
-11646153336 
-11609357008 
-11570066661 
-11528293104 
-11484047508 
-11437341956 
-11388188541 
-11336600360 
-11282590781 
-11226173705 
-11167363592 
-11106175390 
-11042624722 
-10976727389 
-10908500068 
-10837959686 
-10765123751 
-10690010193 
-10612637455 
-10533024489 
-10451190871 
-10367156277 
-10280941256 
-10192566595 
-10102053555 
-10009423870 
-9914699726 
-9817903690 
-9719059045 
-9618189017 
-9515317543 
-9410469114 
-9303668293 
-9194940409 
-9084310842 
-8971805679 
-8857451262 
-8741274339 
-8623301983 
-8503561668 
-8382081244 
-8258888850 
-8134013098 
-8007482842 
-7879327486 
-7749576442 
-7618259548 
-7485407041 
-7351049421 
-7215217552 
-7077942639 
-6939255978 
-6799189241 
-6657774378 
-6515043656 
-6371029550 
-6225764799 
-6079282388 
-5931615753 
-5782797971 
-5632862917 
-5481844482 
-5329776767 
-5176694105 
-5022630976 
-4867621883 
-4711701853 
-4554905751 
-4397268950 
-4238826590 
-4079614161 
-3919667298 
-3759021910 
-3597713528 
-3435778309 
-3273252357 
-3110171637 
-2946572615 
-2782491498 
-2617964674 
-2453028621 
-2287719915 
-2122075137 
-1956130915 
-1789923734 
-1623490237 
-1456867365 
-1290091434 
-1123199330 
-956227730 
-789213179 
-622192476 
-455202060 
-288278506 
-121458169 
45222306 
211726706 
378018701 
544062044 
709820545 
875258405 
1040339611 
1205028356 
1369288904 
1533085651 
1696383383 
1859146748 
2021340596 
2182930161 
2343880588 
2504157220 
2663725611 
2822551445 
2980600887 
3137840016 
3294235189 
3449753117 
3604360643 
3758024733 
3910712682 
4062392159 
4213030931 
4362597042 
4511058936 
4658385214 
4804544706 
4949506533 
5093240347 
5235715863 
5376903336 
5516772924 
5655295497 
5792442214 
5928184451 
6062493891 
6195342524 
6326702932 
6456547839 
6584850327 
6711584071 
6836722876 
6960240954 
7082113107 
7202314302 
7320819921 
7437605936 
7552648519 
7665924278 
7777410391 
7887084281 
7994924008 
8100907630 
8205014251 
8307222806 
8407513087 
8505865111 
8602259374 
8696676981 
8789099476 
8879508573 
8967886729 
9054216890 
9138482177 
9220666430 
9300753887 
9378729392 
9454578091 
9528285834 
9599838552 
9669223255 
9736426838 
9801437126 
9864242206 
9924830863 
9983192020 
10039315666 
10093191711 
10144810980 
10194164593 
10241244360 
10286042447 
10328551517 
10368764877 
10406676099 
10442279714 
10475570274 
10506543161 
10535194157 
10561519700 
10585516575 
10607182102 
10626514268 
10643511415 
10658172186 
10670496358 
10680483773 
10688134885 
10693450744 
10696432626 
10697082674 
10695403304 
10691397705 
10685069349 
10676422166 
10665460733 
10652190213 
10636616061 
10618744347 
10598581521 
10576134824 
10551411696 
10524420212 
10495168964 
10463667009 
10429923540 
10393948910 
10355753352 
10315348004 
10272744167 
10227953789 
10180989112 
10131863157 
10080589142 
10027180588 
9971651896 
9914017830 
9854293258 
9792493908 
9728635716 
9662735062 
9594808783 
9524874300 
9452949068 
9379051393 
9303199618 
9225412936 
9145710578 
9064112209 
8980637953 
8895308520 
8808144602 
8719167640 
8628399285 
8535861595 
8441576897 
8345567774 
8247857504 
8148469725 
8047428028 
7944756522 
7840479868 
7734622673 
7627210186 
7518267695 
7407820881 
7295895964 
7182519234 
7067717380 
6951517030 
6833945565 
6715030256 
6594798989 
6473279702 
6350500440 
6226489654 
6101276237 
5974888938 
5847357058 
5718709827 
5588976771 
5458187912 
5326373004 
5193562269 
5059786026 
4925074827 
4789459177 
4652970131 
4515638710 
4377495898 
4238573009 
4098901458 
3958512874 
3817438875 
3675711333 
3533361940 
3390422890 
3246926106 
3102903767 
2958388159 
2813411392 
2668006046 
2522204398 
2376038936 
2229542182 
2082746731 
1935684976 
1788389532 
1640893019 
1493228061 
1345427121 
1197522787 
1049547666 
901534337 
753515316 
605522952 
457589683 
309747725 
162029412 
14467037 
-132907218 
-280061445 
-426963578 
-573581695 
-719884156 
-865839082 
-1011415198 
-1156580887 
-1301305122 
-1445556355 
-1589303895 
-1732516795 
-1875164501 
-2017216239 
-2158641941 
-2299411175 
-2439494067 
-2578860741 
-2717481725 
-2855327506 
-2992368844 
-3128576861 
-3263922911 
-3398378217 
-3531914598 
-3664504076 
-3796118801 
-3926731135 
-4056313862 
-4184839909 
-4312282601 
-4438615341 
-4563811867 
-4687846369 
-4810693271 
-4932327011 
-5052722813 
-5171855688 
-5289701324 
-5406235707 
-5521434974 
-5635275811 
-5747734930 
-5858789542 
-5968417275 
-6076595930 
-6183304028 
-6288519912 
-6392222480 
-6494391313 
-6595006026 
-6694046574 
-6791493506 
-6887327547 
-6981530000 
-7074082315 
-7164966622 
-7254165134 
-7341660578 
-7427436174 
-7511475578 
-7593762656 
-7674281936 
-7753018049 
-7829956155 
-7905081962 
-7978381594 
-8049841408 
-8119448239 
-8187189473 
-8253052758 
-8317026395 
-8379098870 
-8439259339 
-8497497373 
-8553802618 
-8608165729 
-8660577396 
-8711028616 
-8759511358 
-8806017662 
-8850540205 
-8893071984 
-8933606325 
-8972137315 
-9008659424 
-9043167191 
-9075656016 
-9106121740 
-9134560461 
-9160968954 
-9185344209 
-9207683724 
-9227985548 
-9246248100 
-9262470374 
-9276651683 
-9288791702 
-9298890852 
-9306949916 
-9312969818 
-9316952273 
-9318899442 
-9318813740 
-9316698070 
-9312555960 
-9306390925 
-9298207363 
-9288010160 
-9275804316 
-9261595607 
-9245389784 
-9227193596 
-9207013699 
-9184857501 
-9160732688 
-9134647367 
-9106610249 
-9076630270 
-9044716778 
-9010879738 
-8975129327 
-8937476169 
-8897931219 
-8856506087 
-8813212575 
-8768062883 
-8721069769 
-8672246037 
-8621605235 
-8569161104 
-8514927781 
-8458919968 
-8401152512 
-8341640675 
-8280400057 
-8217446810 
-8152797077 
-8086467682 
-8018475701 
-7948838449 
-7877573680 
-7804699384 
-7730234133 
-7654196423 
-7576605483 
-7497480588 
-7416841435 
-7334707934 
-7251100147 
-7166038825 
-7079544952 
-6991639521 
-6902344054 
-6811680108 
-6719669590 
-6626334939 
-6531698419 
-6435782936 
-6338611309 
-6240206934 
-6140593116 
-6039793717 
-5937832470 
-5834733717 
-5730521629 
-5625220962 
-5518856306 
-5411452659 
-5303035149 
-5193629157 
-5083260205 
-4971954027 
-4859736485 
-4746633623 
-4632671467 
-4517876551 
-4402275186 
-4285894003 
-4168759763 
-4050899368 
-3932339861 
-3813108135 
-3693231459 
-3572737157 
-3451652682 
-3330005532 
-3207823147 
-3085133225 
-2961963470 
-2838341754 
-2714295918 
-2589853715 
-2465043129 
-2339891988 
-2214428510 
-2088680593 
-1962676143 
-1836443455 
-1710010444 
-1583405228 
-1456655750 
-1329790277 
-1202836530 
-1075822757 
-948776781 
-821726613 
-694700020 
-567724910 
-440829116 
-314040264 
-187386066 
-60893965 
65408420 
191493645 
317334484 
442903624 
568174048 
693118683 
817710749 
941923360 
1065729803 
1189103667 
1312018667 
1434448458 
1556366920 
1677748197 
1798566435 
1918796116 
2038411724 
2157388102 
2275700275 
2393323238 
2510232217 
2626402828 
2741810842 
2856432111 
2970242806 
3083219044 
3195337594 
3306575213 
3416909015 
3526316129 
3634774181 
3742260973 
3848754432 
3954232711 
4058674609 
4162058803 
4264364247 
4365570321 
4465656725 
4564603067 
4662389779 
4758997368 
4854406516 
4948598150 
5041553709 
5133254889 
5223683741 
5312822426 
5400653441 
5487159754 
5572324672 
5656131631 
5738564550 
5819607737 
5899245681 
5977463246 
6054245569 
6129578319 
6203447417 
6275839037 
6346739842 
6416136881 
6484017333 
6550368755 
6615179426 
6678437456 
6740131815 
6800251519 
6858786115 
6915725354 
6971059532 
7024779106 
7076875306 
7127339143 
7176162456 
7223337369 
7268856262 
7312712233 
7354898212 
7395408046 
7434235488 
7471375081 
7506821375 
7540569737 
7572615566 
7602954865 
7631583805 
7658498951 
7683697448 
7707176838 
7728934802 
7748969691 
7767280149 
7783864876 
7798723508 
7811855510 
7823261268 
7832941221 
7840896136 
7847127373 
7851636516 
7854425643 
7855497089 
7854853739 
7852498640 
7848435218 
7842667737 
7835199997 
7826037110 
7815183733 
7802645157 
7788427405 
7772536519 
7754978816 
7735761054 
7714890522 
7692374633 
7668221200 
7642438539 
7615035119 
7586019989 
7555402167 
7523191468 
7489397800 
7454031132 
7417102395 
7378622231 
7338601965 
7297053122 
7253987515 
7209417444 
7163355350 
7115813823 
7066806252 
7016346019 
6964446596 
6911122119 
6856386819 
6800255439 
6742742571 
6683863533 
6623633681 
6562068675 
6499184403 
6434997079 
6369523106 
6302779419 
6234782737 
6165550453 
6095099817 
6023448695 
5950615017 
5876616744 
5801472611 
5725201008 
5647820788 
5569350943 
5489810727 
5409219594 
5327597119 
5244963166 
5161337767 
5076741107 
4991193577 
4904715719 
4817328103 
4729051787 
4639907820 
4549917226 
4459101561 
4367482122 
4275080359 
4181918279 
4088017933 
3993401012 
3898089635 
3802106276 
3705473114 
3608212649 
3510347234 
3411899763 
3312892794 
3213349176 
3113291634 
3012743356 
2911727225 
2810266359 
2708383955 
2606103017 
2503446866 
2400438802 
2297102004 
2193459669 
2089535413 
1985352441 
1880934242 
1776304256 
1671485758 
1566502015 
1461376681 
1356132830 
1250794064 
1145383600 
1039924815 
934440899 
828955130 
723490604 
618070549 
512717920 
407455866 
302307211 
197294955 
92441817 
-12229378 
-116695890 
-220935400 
-324925363 
-428643295 
-532067023 
-635174271 
-737943255 
-840351777 
-942378074 
-1044000585 
-1145197608 
-1245947817 
-1346230026 
-1446022974 
-1545305552 
-1644057234 
-1742257201 
-1839885035 
-1936920249 
-2033342765 
-2129132466 
-2224269775 
-2318734766 
-2412508220 
-2505570790 
-2597903429 
-2689487206 
-2780303482 
-2870333881 
-2959560198 
-3047964303 
-3135528412 
-3222235030 
-3308066634 
-3393006155 
-3477036728 
-3560141743 
-3642304644 
-3723509274 
-3803739558 
-3882980029 
-3961215094 
-4038429603 
-4114608505 
-4189737147 
-4263801155 
-4336786437 
-4408678956 
-4479465127 
-4549131681 
-4617665541 
-4685053829 
-4751284049 
-4816344012 
-4880221645 
-4942905295 
-5004383845 
-5064645885 
-5123680650 
-5181477692 
-5238026838 
-5293318246 
-5347342150 
-5400089289 
-5451550702 
-5501717523 
-5550581434 
-5598134342 
-5644368374 
-5689276233 
-5732850448 
-5775084369 
-5815971334 
-5855505319 
-5893680088 
-5930490258 
-5965930391 
-5999995375 
-6032680570 
-6063981881 
-6093895115 
-6122416430 
-6149542471 
-6175270207 
-6199596713 
-6222519606 
-6244036576 
-6264145892 
-6282846088 
-6300136027 
-6316014685 
-6330481587 
-6343536330 
-6355179049 
-6365410015 
-6374229951 
-6381639949 
-6387641158 
-6392235286 
-6395424127 
-6397210029 
-6397595567 
-6396583285 
-6394176619 
-6390378696 
-6385193558 
-6378625140 
-6370677647 
-6361355857 
-6350664584 
-6338609143 
-6325195164 
-6310428162 
-6294314536 
-6276860357 
-6258072442 
-6237957796 
-6216523411 
-6193776848 
-6169726013 
-6144378900 
-6117743746 
-6089829220 
-6060644161 
-6030197754 
-5998499148 
-5965558074 
-5931384378 
-5895988149 
-5859379856 
-5821570139 
-5782569974 
-5742390436 
-5701042849 
-5658538739 
-5614889897 
-5570108313 
-5524206429 
-5477196709 
-5429091797 
-5379904812 
-5329648679 
-5278336727 
-5225982656 
-5172600212 
-5118203311 
-5062806103 
-5006422931 
-4949068094 
-4890756504 
-4831503034 
-4771322747 
-4710231069 
-4648243408 
-4585375150 
-4521642073 
-4457060026 
-4391645308 
-4325413908 
-4258382192 
-4190566659 
-4121983963 
-4052650866 
-3982584275 
-3911801278 
-3840318800 
-3768154306 
-3695325040 
-3621848311 
-3547742106 
-3473023786 
-3397711342 
-3321822704 
-3245375663 
-3168388341 
-3090878911 
-3012865441 
-2934366243 
-2855399717 
-2775984328 
-2696138427 
-2615880763 
-2535229600 
-2454203623 
-2372821747 
-2291102364 
-2209064447 
-2126726647 
-2044107652 
-1961226326 
-1878101579 
-1794752135 
-1711197097 
-1627455032 
-1543544891 
-1459485376 
-1375295608 
-1290994326 
-1206600235 
-1122132216 
-1037608721 
-953048979 
-868471376 
-783894713 
-699337305 
-614818009 
-530355267 
-445967633 
-361673476 
-277491041 
-193438693 
-109534432 
-25796654 
57756644 
141107362 
224237873 
307130234 
389766840 
472129749 
554201872 
635965502 
717403606 
798498655 
879233837 
959592034 
1039556501 
1119110580 
1198237742 
1276921222 
1355145133 
1432892988 
1510148991 
1586897111 
1663121486 
1738806766 
1813937377 
1888498105 
1962473875 
2035849780 
2108610916 
2180742907 
2252230976 
2323061297 
2393219447 
2462691586 
2531464004 
2599523261 
2666856018 
2733449010 
2799289491 
2864364398 
2928661363 
2992168283 
3054872661 
3116762606 
3177826584 
3238052754 
3297430016 
3355947126 
3413593407 
3470358081 
3526230724 
3581201138 
3635259401 
3688395730 
3740600480 
3791864369 
3842178319 
3891533535 
3939921266 
3987333337 
4033761441 
4079197736 
4123634561 
4167064542 
4209480362 
4250875238 
4291242198 
4330575174 
4368867608 
4406113581 
4442307610 
4477444050 
4511517731 
4544523544 
4576456769 
4607313185 
4637088225 
4665778128 
4693379042 
4719887712 
4745300592 
4769614932 
4792827852 
4814936961 
4835940092 
4855835088 
4874620339 
4892294586 
4908856277 
4924304526 
4938638655 
4951858236 
4963962958 
4974952881 
4984828150 
4993589369 
5001237533 
5007773351 
5013198162 
5017513509 
5020721041 
5022822798 
5023820916 
5023717905 
5022516564 
5020219885 
5016830785 
5012352956 
5006789732 
5000145049 
4992423148 
4983628231 
4973765141 
4962838432 
4950853187 
4937814543 
4923728090 
4908599384 
4892434446 
4875239319 
4857020226 
4837784010 
4817537155 
4796286556 
4774039485 
4750803397 
4726585644 
4701394279 
4675237025 
4648121972 
4620057608 
4591052427 
4561115237 
4530254786 
4498480446 
4465801290 
4432226718 
4397766496 
4362430601 
4326228573 
4289170897 
4251267673 
4212529517 
4172966858 
4132590611 
4091411728 
4049441235 
4006690592 
3963170939 
3918893791 
3873870838 
3828114008 
3781635082 
3734446081 
3686559420 
3637987411 
3588742312 
3538836666 
3488283371 
3437095001 
3385284664 
3332865014 
3279849526 
3226251047 
3172083100 
3117359107 
3062092538 
3006296859 
2949985689 
2893172840 
2835872133 
2778097489 
2719862709 
2661181883 
2602069107 
2542538576 
2482604350 
2422280927 
2361582502 
2300523258 
2239117660 
2177380203 
2115325237 
2052967508 
1990321263 
1927401312 
1864222106 
1800798164 
1737144346 
1673275201 
1609205094 
1544948907 
1480521411 
1415937145 
1351210869 
1286357114 
1221390473 
1156325589 
1091177051 
1025959719 
960687877 
895376163 
830039029 
764691053 
699346592 
634020016 
568725958 
503478303 
438291807 
373180454 
308158346 
243239697 
178438517 
113768729 
49244377 
-15120546 
-79312500 
-143317843 
-207122798 
-270713671 
-334077253 
-397200024 
-460068723 
-522670023 
-584991051 
-647018445 
-708739508 
-770141517 
-831211607 
-891937400 
-952306254 
-1012305652 
-1071923565 
-1131147863 
-1189966194 
-1248367069 
-1306338369 
-1363868650 
-1420946251 
-1477559977 
-1533698263 
-1589350341 
-1644504927 
-1699151371 
-1753278803 
-1806876715 
-1859934892 
-1912442890 
-1964390459 
-2015768056 
-2066565462 
-2116773096 
-2166381848 
-2215382013 
-2263764277 
-2311519809 
-2358639789 
-2405115377 
-2450938230 
-2496100058 
-2540592490 
-2584407710 
-2627537746 
-2669974757 
-2711711468 
-2752740571 
-2793054775 
-2832647307 
-2871511256 
-2909640055 
-2947027261 
-2983666879 
-3019552721 
-3054678894 
-3089039595 
-3122629529 
-3155443228 
-3187475406 
-3218721341 
-3249176320 
-3278835627 
-3307695110 
-3335750413 
-3362997787 
-3389433295 
-3415053342 
-3439854364 
-3463833206 
-3486986811 
-3509312442 
-3530807434 
-3551469422 
-3571295963 
-3590285058 
-3608434825 
-3625743682 
-3642210111 
-3657832561 
-3672610294 
-3686542065 
-3699627410 
-3711865627 
-3723256250 
-3733799339 
-3743494836 
-3752342979 
-3760344073 
-3767498938 
-3773808059 
-3779272654 
-3783893945 
-3787673139 
-3790611666 
-3792711279 
-3793973926 
-3794401600 
-3793996585 
-3792761411 
-3790698580 
-3787810770 
-3784100999 
-3779572726 
-3774228873 
-3768073089 
-3761108916 
-3753340254 
-3744771003 
-3735405449 
-3725247765 
-3714302578 
-3702574466 
-3690068131 
-3676788848 
-3662741480 
-3647931420 
-3632364040 
-3616044871 
-3598979948 
-3581174927 
-3562635962 
-3543369210 
-3523381115 
-3502677906 
-3481266339 
-3459153119 
-3436345277 
-3412849615 
-3388673428 
-3363824144 
-3338309000 
-3312135651 
-3285311593 
-3257844741 
-3229743201 
-3201014583 
-3171667407 
-3141709934 
-3111150311 
-3079997195 
-3048259196 
-3015944807 
-2983063210 
-2949623114 
-2915633517 
-2881103334 
-2846041953 
-2810458668 
-2774362878 
-2737764231 
-2700671892 
-2663095740 
-2625045482 
-2586530922 
-2547561961 
-2508148360 
-2468300357 
-2428027886 
-2387341096 
-2346250222 
-2304765581 
-2262897354 
-2220656126 
-2178052199 
-2135096090 
-2091798398 
-2048169559 
-2004220221 
-1959961129 
-1915403018 
-1870556509 
-1825432398 
-1780041598 
-1734394761 
-1688502835 
-1642376749 
-1596027290 
-1549465454 
-1502702048 
-1455748090 
-1408614605 
-1361312473 
-1313852707 
-1266246207 
-1218503991 
-1170637145 
-1122656346 
-1074572815 
-1026397233 
-978140822 
-929814215 
-881428413 
-832994414 
-784523004 
-736024924 
-687511108 
-638992242 
-590479205 
-541982833 
-493513534 
-445082111 
-396699074 
-348374912 
-300120288 
-251945602 
-203861220 
-155877625 
-108005086 
-60253797 
-12634111 
34843921 
82170035 
129334466 
176327117 
223138166 
269757830 
316176436 
362384157 
408371445 
454128855 
499646958 
544916312 
589927821 
634672184 
679140330 
723323302 
767212029 
810797922 
854072084 
897025929 
939650953 
981938758 
1023880855 
1065469212 
1106695572 
1147551928 
1188030402 
1228123196 
1267822672 
1307121247 
1346011305 
1384485675 
1422536989 
1460158128 
1497342117 
1534082078 
1570371287 
1606203104 
1641570866 
1676468344 
1710889131 
1744827472 
1778276992 
1811231809 
1843686211 
1875634369 
1907071011 
1937990777 
1968388230 
1998258519 
2027596476 
2056397292 
2084656452 
2112369270 
2139531302 
2166138113 
2192185726 
2217669996 
2242587227 
2266933529 
2290705308 
2313899160 
2336511755 
2358539757 
2379980537 
2400830841 
2421087965 
2440749292 
2459812199 
2478274570 
2496134245 
2513389022 
2530037028 
2546076527 
2561505742 
2576323585 
2590528411 
2604119037 
2617094267 
2629453395 
2641195512 
2652320214 
2662826665 
2672714747 
2681984090 
2690634695 
2698666438 
2706079616 
2712874772 
2719052275 
2724612577 
2729556505 
2733884977 
2737598903 
2740699490 
2743187913 
2745066003 
2746334829 
2746996332 
2747052210 
2746504289 
2745354897 
2743605931 
2741260006 
2738319255 
2734786529 
2730664436 
2725955686 
2720663309 
2714790290 
2708339911 
2701315539 
2693720368 
2685558196 
2676832406 
2667546903 
2657705633 
2647312535 
2636371648 
2624887267 
2612863683 
2600305224 
2587216549 
2573602261 
2559467004 
2544815772 
2529653432 
2513984970 
2497815483 
2481150153 
2463994415 
2446353863 
2428233775 
2409639685 
2390577450 
2371052809 
2351071558 
2330639643 
2309763036 
2288447804 
2266700318 
2244526794 
2221933353 
2198926588 
2175512760 
2151698782 
2127490872 
2102895917 
2077920644 
2052571660 
2026855856 
2000780342 
1974352089 
1947578184 
1920465516 
1893021270 
1865252828 
1837167298 
1808771971 
1780074200 
1751081419 
1721800878 
1692240275 
1662406945 
1632308476 
1601952278 
1571346173 
1540497870 
1509414872 
1478104717 
1446575215 
1414834110 
1382889231 
1350748428 
1318419375 
1285909920 
1253227802 
1220380920 
1187377175 
1154224332 
1120930333 
1087503102 
1053950438 
1020280082 
986500192 
952618364 
918642705 
884581013 
850441048 
816230577 
781957502 
747629761 
713255256 
678841524 
644396435 
609927655 
575443223 
540950577 
506457348 
471971499 
437500389 
403051941 
368633282 
334252265 
299916337 
265632881 
231409485 
197253279 
163171932 
129172695 
95262628 
61449045 
27739295 
-5859755 
-39340697 
-72696731 
-105920927 
-139006228 
-171945795 
-204732873 
-237360570 
-269822392 
-302111388 
-334221221 
-366145384 
-397877295 
-429410806 
-460739446 
-491856817 
-522757134 
-553433972 
-583881320 
-614093410 
-644064047 
-673787593 
-703258363 
-732470529 
-761418711 
-790097259 
-818500745 
-846623890 
-874461415 
-902008184 
-929258944 
-956208681 
-982852503 
-1009185767 
-1035203568 
-1060901073 
-1086273915 
-1111317422 
-1136027217 
-1160399203 
-1184429011 
-1208112507 
-1231445677 
-1254424425 
-1277045310 
-1299304213 
-1321197485 
-1342721595 
-1363873095 
-1384648626 
-1405044955 
-1425058897 
-1444687225 
-1463926970 
-1482775460 
-1501229723 
-1519286958 
-1536944726 
-1554200594 
-1571052002 
-1587496860 
-1603532653 
-1619157479 
-1634369371 
-1649166293 
-1663546663 
-1677508641 
-1691050463 
-1704170850 
-1716868461 
-1729141831 
-1740989827 
-1752411173 
-1763405125 
-1773970634 
-1784106939 
-1793813408 
-1803089445 
-1811934459 
-1820348063 
-1828329830 
-1835879787 
-1842997701 
-1849683425 
-1855937295 
-1861759351 
-1867149936 
-1872109312 
-1876638179 
-1880736811 
-1884405926 
-1887646352 
-1890458803 
-1892844492 
-1894804345 
-1896339351 
-1897450839 
-1898140158 
-1898408622 
-1898257594 
-1897688762 
-1896703855 
-1895304532 
-1893492706 
-1891270222 
-1888639197 
-1885601603 
-1882159542 
-1878315388 
-1874071543 
-1869430389 
-1864394337 
-1858966070 
-1853148190 
-1846943548 
-1840354864 
-1833384985 
-1826037000 
-1818313876 
-1810218841 
-1801754867 
-1792925318 
-1783733653 
-1774183036 
-1764277065 
-1754019235 
-1743413262 
-1732462592 
-1721170926 
-1709542360 
-1697580512 
-1685289293 
-1672672810 
-1659734872 
-1646479743 
-1632911528 
-1619034579 
-1604852965 
-1590370948 
-1575592894 
-1560523361 
-1545166614 
-1529527346 
-1513610088 
-1497419241 
-1480959827 
-1464236159 
-1447252954 
-1430015187 
-1412527463 
-1394794644 
-1376821789 
-1358613857 
-1340175610 
-1321512062 
-1302628254 
-1283529234 
-1264220114 
-1244706027 
-1224991943 
-1205083242 
-1184984769 
-1164701949 
-1144240042 
-1123604327 
-1102799944 
-1081832204 
-1060706477 
-1039427917 
-1018002108 
-996434065 
-974729394 
-952893508 
-930931673 
-908849134 
-886651517 
-864344131 
-841932413 
-819421661 
-796817149 
-774124567 
-751349185 
-728496488 
-705571781 
-682580314 
-659527601 
-636419245 
-613260383 
-590056264 
-566812504 
-543534360 
-520227068 
-496896040 
-473546666 
-450183954 
-426813287 
-403439986 
-380069241 
-356706132 
-333356158 
-310024212 
-286715356 
-263434813 
-240187782 
-216979253 
-193814176 
-170697673 
-147634661 
-124630004 
-101688732 
-78815648 
-56015540 
-33293126 
-10653518 
11899008 
34359447 
56723207 
78985706 
101142429 
123188753 
145120208 
166932236 
188620657 
210181173 
231609328 
252900942 
274051447 
295057116 
315913669 
336617104 
357163257 
377548390 
397768449 
417819619 
437698149 
457400131 
476921900 
496260062 
515410692 
534370468 
553135799 
571703290 
590069628 
608231568 
626185885 
643929262 
661458630 
678771153 
695863488 
712732758 
729376484 
745791528 
761975008 
777924445 
793637254 
809110749 
824342652 
839330403 
854071482 
868563998 
882805387 
896793349 
910526183 
924001716 
937217852 
950172885 
962864850 
975291850 
987452405 
999344729 
1010967505 
1022319069 
1033397878 
1044202966 
1054732541 
1064985597 
1074961024 
1084657781 
1094074512 
1103210699 
1112065113 
1120636982 
1128925805 
1136930565 
1144650699 
1152085888 
1159235516 
1166099044 
1172676342 
1178966844 
1184970558 
1190687203 
1196116741 
1201259053 
1206114384 
1210682600 
1214964086 
1218958779 
1222667236 
1226089693 
1229226675 
1232078545 
1234645923 
1236929491 
1238929664 
1240647421 
1242083454 
1243238707 
1244114018 
1244710420 
1245028695 
1245070190 
1244836157 
1244327534 
1243545686 
1242492029 
1241167860 
1239574545 
1237713459 
1235586481 
1233195073 
1230540855 
1227625440 
1224450689 
1221018348 
1217330395 
1213388483 
1209194684 
1204751131 
1200059621 
1195122585 
1189941933 
1184519781 
1178858707 
1172960752 
1166828199 
1160463547 
1153869191 
1147047533 
1140001212 
1132732560 
1125244281 
1117538968 
1109619248 
1101487774 
1093147243 
1084600592 
1075850401 
1066899679 
1057751073 
1048407659 
1038872357 
1029148110 
1019237891 
1009144728 
998871659 
988421747 
977798116 
967003880 
956042203 
944916285 
933629303 
922184339 
910584817 
898833831 
886934890 
874891304 
862706232 
850383052 
837925338 
825336291 
812619363 
799777772 
786815181 
773734861 
760540305 
747234990 
733822427 
720305964 
706689299 
692975599 
679168614 
665271887 
651288786 
637222707 
623077401 
608856259 
594562862 
580200800 
565773473 
551284469 
536737189 
522135407 
507482517 
492781933 
478037231 
463251803 
448429397 
433573415 
418687225 
403774391 
388838445 
373882571 
358910466 
343925483 
328930935 
313930506 
298927317 
283924836 
268926529 
253935650 
238955456 
223989333 
209040702 
194112742 
179208657 
164331752 
149485199 
134672287 
119896117 
105159780 
90466484 
75819299 
61221386 
46675752 
32185353 
17753293 
3382688 
-10923776 
-25163045 
-39332298 
-53428552 
-67449021 
-81390975 
-95251512 
-109027946 
-122717425 
-136317533 
-149825295 
-163238347 
-176554162 
-189770058 
-202883414 
-215891774 
-228792960 
-241584230 
-254263461 
-266828186 
-279276155 
-291604974 
-303812468 
-315896513 
-327854989 
-339685670 
-351386530 
-362955589 
-374390699 
-385689987 
-396851738 
-407873795 
-418754358 
-429491678 
-440084076 
-450529678 
-460827075 
-470974296 
-480970003 
-490812514 
-500500371 
-510032164 
-519406367 
-528621628 
-537676491 
-546569702 
-555300275 
-563866660 
-572267957 
-580502901 
-588570484 
-596469521 
-604199097 
-611758329 
-619146164 
-626361991 
-633404693 
-640273717 
-646968223 
-653487407 
-659830850 
-665997843 
-671987697 
-677800151 
-683434600 
-688890507 
-694167532 
-699265435 
-704183766 
-708922343 
-713481022 
-717859526 
-722057778 
-726075396 
-729912767 
-733569602 
-737045999 
-740341929 
-743457779 
-746393398 
-749149083 
-751724958 
-754121562 
-756339122 
-758377892 
-760238168 
-761920464 
-763425350 
-764753249 
-765904596 
-766880100 
-767680469 
-768306251 
-768758105 
-769036640 
-769142932 
-769077508 
-768841519 
-768435557 
-767860465 
-767117476 
-766207320 
-765131117 
-763889845 
-762484686 
-760916704 
-759186782 
-757296388 
-755246664 
-753038796 
-750674182 
-748153858 
-745479293 
-742651769 
-739672643 
-736543431 
-733265550 
-729840395 
-726269425 
-722554310 
-718696349 
-714697258 
-710558598 
-706282134 
-701869301 
-697321900 
-692641412 
-687829517 
-682888089 
-677818876 
-672623803 
-667304457 
-661862640 
-656300161 
-650619042 
-644820955 
-638907957 
-632881760 
-626744273 
-620497599 
-614143525 
-607684182 
-601121367 
-594457071 
-587693509 
-580832508 
-573876302 
-566826572 
-559685569 
-552455373 
-545138072 
-537735774 
-530250602 
-522684485 
-515039741 
-507318328 
-499522408 
-491654317 
-483715871 
-475709413 
-467636945 
-459500665 
-451302757 
-443045421 
-434730865 
-426361112 
-417938551 
-409465055 
-400942987 
-392374412 
-383761521 
-375106555 
-366411731 
-357679095 
-348910854 
-340109050 
-331276085 
-322413985 
-313524793 
-304610706 
-295673937 
-286716681 
-277740959 
-268748955 
-259742670 
-250724295 
-241696000 
-232659754 
-223617738 
-214571900 
-205524402 
-196477363 
-187432730 
-178392622 
-169358764 
-160333632 
-151318931 
-142316753 
-133329133 
-124357762 
-115404861 
-106472270 
-97561803 
-88675471 
-79815236 
-70982885 
-62180194 
-53409087 
-44671483 
-35968923 
-27303290 
-18676462 
-10090275 
-1546389 
6953565 
15407774 
23814667 
32172448 
40479781 
48734742 
56935819 
65081314 
73169941 
81199877 
89169680 
97078129 
104923450 
112704273 
120419241 
128066874 
135645835 
143154674 
150592121 
157956759 
165247380 
172462781 
179601619 
186662753 
193644857 
200547060 
207367904 
214106349 
220761370 
227331793 
233816648 
240214990 
246525713 
252747736 
258880389 
264922443 
270873280 
276731907 
282497576 
288169364 
293746553 
299228274 
304613873 
309902522 
315093622 
320186577 
325180673 
330075179 
334869793 
339563842 
344156702 
348647775 
353036831 
357323340 
361506758 
365586965 
369563306 
373435517 
377203357 
380866443 
384424590 
387877453 
391224915 
394466680 
397602678 
400632682 
403556645 
406374411 
409085807 
411690896 
414189735 
416582271 
418868430 
421048377 
423122303 
425090206 
426952146 
428708198 
430358824 
431903950 
433343914 
434678882 
435909241 
437035380 
438057362 
438975631 
439790483 
440502402 
441111721 
441618810 
442024211 
442328345 
442531629 
442634681 
442637983 
442542190 
442347650 
442055058 
441664979 
441178154 
440595183 
439916680 
439143269 
438275799 
437314935 
436261364 
435115794 
433879132 
432552119 
431135542 
429630165 
428036783 
426356412 
424589866 
422738005 
420801693 
418781808 
416679432 
414495300 
412230518 
409886031 
407462798 
404961800 
402384004 
399730606 
397002430 
394200502 
391325861 
388379732 
385363191 
382277304 
379122978 
375901492 
372613772 
369261302 
365844847 
362365722 
358825088 
355223900 
351563528 
347845134 
344069917 
340238863 
336353374 
332414648 
328423724 
324381824 
320290153 
316149961 
311962471 
307729122 
303450798 
299128928 
294764784 
290359428 
285914317 
281430551 
276909386 
272352105 
267759985 
263134130 
258475812 
253786496 
249067308 
244319327 
239544029 
234742534 
229916302 
225066250 
220193861 
215300410 
210387011 
205454942 
200505490 
195539754 
190559014 
185564538 
180557601 
175539302 
170510897 
165473464 
160428465 
155376950 
150320182 
145259228 
140195310 
135129683 
130063387 
124997835 
119933867 
114872897 
109815937 
104764187 
99718657 
94680544 
89650831 
84630693 
79621276 
74623749 
69639080 
64668391 
59712644 
54772948 
49850230 
44945783 
40060329 
35194939 
30350694 
25528661 
20729510 
15954477 
11204397 
6480294 
1782996 
-2886514 
-7527232 
-12138562 
-16719365 
-21268870 
-25786139 
-30270428 
-34720831 
-39136624 
-43516932 
-47860870 
-52167945 
-56437114 
-60667751 
-64859015 
-69010277 
-73120756 
-77189842 
-81216773 
-85200973 
-89141709 
-93038434 
-96890451 
-100697035 
-104457707 
-108171796 
-111838822 
-115458329 
-119029526 
-122552139 
-126025414 
-129448950 
-132822346 
-136145070 
-139416581 
-142636531 
-145804428 
-148919957 
-151982820 
-154992381 
-157948373 
-160850547 
-163698484 
-166491784 
-169230239 
-171913492 
-174541360 
-177113499 
-179629783 
-182089883 
-184493530 
-186840601 
-189130837 
-191364172 
-193540368 
-195659219 
-197720676 
-199724571 
-201670907 
-203559514 
-205390248 
-207163170 
-208877967 
-210534903 
-212133896 
-213674874 
-215157957 
-216583104 
-217950276 
-219259652 
-220511028 
-221704799 
-222840792 
-223919241 
-224940381 
-225904086 
-226810621 
-227660086 
-228452763 
-229188784 
-229868267 
-230491380 
-231058446 
-231569644 
-232025157 
-232425364 
-232770470 
-233060710 
-233296308 
-233477695 
-233604935 
-233678498 
-233698647 
-233665871 
-233580478 
-233442767 
-233253072 
-233011729 
-232719273 
-232376064 
-231982280 
-231538671 
-231045437 
-230503178 
-229912101 
-229272820 
-228585749 
-227851338 
-227070033 
-226242474 
-225368941 
-224450092 
-223486410 
-222478208 
-221426335 
-220331139 
-219193116 
-218012801 
-216790722 
-215527605 
-214223799 
-212880047 
-211496920 
-210074787 
-208614405 
-207116361 
-205581239 
-204009437 
-202401736 
-200758757 
-199081084 
-197369338 
-195624164 
-193846142 
-192035752 
-190193798 
-188320910 
-186417743 
-184484936 
-182523135 
-180532830 
-178514838 
-176469643 
-174398100 
-172300683 
-170178243 
-168031277 
-165860453 
-163666457 
-161449956 
-159211639 
-156952183 
-154672272 
-152372428 
-150053494 
-147715997 
-145360611 
-142988033 
-140598953 
-138194056 
-135774045 
-133339426 
-130890881 
-128429293 
-125955171 
-123469017 
-120971701 
-118463727 
-115945982 
-113418947 
-110883316 
-108339598 
-105788650 
-103230964 
-100667232 
-98098120 
-95524308 
-92946272 
-90364694 
-87780240 
-85193567 
-82605154 
-80015659 
-77425736 
-74836043 
-72247230 
-69659746 
-67074231 
-64491146 
-61911121 
-59334957 
-56762926 
-54195822 
-51634089 
-49078314 
-46529111 
-43987100 
-41452678 
-38926436 
-36408779 
-33900289 
-31401730 
-28913295 
-26435548 
-23969244 
-21514548 
-19072214 
-16642584 
-14226193 
-11823396 
-9434715 
-7060645 
-4701719 
-2358252 
-30742 
2280515 
4574835 
6851932 
9111515 
11352939 
13575931 
15780229 
17965199 
20130593 
22276169 
24401510 
26506007 
28589633 
30651985 
32692487 
34711117 
36707324 
38680916 
40631532 
42558995 
44462976 
46343122 
48199292 
50031165 
51838424 
53620936 
55378427 
57110570 
58817108 
60497930 
62152776 
63781572 
65384060 
66960002 
68509156 
70031482 
71526747 
72994938 
74435651 
75848882 
77234624 
78592512 
79922548 
81224580 
82498626 
83744540 
84962177 
86151399 
87312275 
88444679 
89548497 
90623627 
91670159 
92687999 
93677265 
94637682 
95569381 
96472295 
97346568 
98191962 
99008632 
99796723 
100556051 
101286770 
101988706 
102662205 
103307102 
103923607 
104511717 
105071486 
105602935 
106106298 
106581436 
107028593 
107447830 
107839392 
108203182 
108539466 
108848327 
109129868 
109384364 
109611749 
109812308 
109986172 
110133471 
110254321 
110349052 
110417628 
110460375 
110477449 
110469016 
110435235 
110376287 
110292527 
110183943 
110050924 
109893652 
109712327 
109507157 
109278332 
109026088 
108750799 
108452696 
108131832 
107788601 
107423068 
107035651 
106626581 
106196121 
105744697 
105272380 
104779447 
104266132 
103732902 
103179835 
102607212 
102015485 
101404744 
100775463 
100127931 
99462244 
98778887 
98078146 
97360142 
96625349 
95874069 
95106435 
94322928 
93523862 
92709357 
91879921 
91035861 
90177314 
89304786 
88418406 
87518685 
86605759 
85680148 
84741982 
83791776 
82829690 
81856033 
80871141 
79875547 
78869384 
77852806 
76826328 
75790292 
74745031 
73690881 
72627988 
71556889 
70477726 
69390833 
68296737 
67195408 
66087539 
64973109 
63852636 
62726453 
61594719 
60457944 
59316282 
58170065 
57019631 
55865304 
54707419 
53546128 
52381928 
51214983 
50045595 
48874107 
47700846 
46526114 
45350063 
44173195 
42995638 
41817717 
40639738 
39461834 
38284495 
37107848 
35932192 
34757839 
33585093 
32414248 
31245418 
30078907 
28915184 
27754180 
26596364 
25441827 
24291051 
23144125 
22001327 
20862949 
19729064 
18599946 
17475858 
16357057 
15243823 
14136403 
13034877 
11939489 
10850490 
9767941 
8692278 
7623551 
6561996 
5507853 
4461155 
3422323 
2391393 
1368590 
354128 
-651960 
-1649476 
-2638207 
-3617950 
-4588511 
-5549863 
-6501650 
-7444024 
-8376642 
-9299318 
-10212046 
-11114659 
-12006985 
-12888854 
-13760302 
-14620970 
-15470881 
-16310073 
-17138217 
-17955353 
-18761153 
-19555660 
-20338925 
-21110644 
-21870863 
-22619462 
-23356324 
-24081338 
-24794573 
-25495733 
-26184907 
-26861992 
-27526887 
-28179689 
-28820308 
-29448475 
-30064467 
-30668037 
-31259100 
-31837774 
-32403992 
-32957689 
-33498814 
-34027483 
-34543467 
-35046901 
-35537732 
-36015930 
-36481448 
-36934432 
-37374683 
-37802339 
-38217385 
-38619799 
-39009740 
-39387020 
-39751803 
-40104087 
-40443877 
-40771162 
-41085939 
-41388407 
-41678389 
-41956083 
-42221497 
-42474655 
-42715576 
-42944293 
-43161009 
-43365576 
-43558199 
-43738932 
-43907800 
-44064850 
-44210123 
-44343861 
-44465922 
-44576355 
-44675416 
-44763140 
-44839612 
-44904882 
-44959019 
-45002084 
-45034166 
-45055506 
-45066006 
-45065927 
-45055160 
-45033979 
-45002459 
-44960700 
-44908785 
-44846805 
-44774860 
-44693036 
-44601428 
-44500329 
-44389659 
-44269513 
-44140180 
-44001586 
-43854028 
-43697607 
-43532250 
-43358264 
-43175763 
-42984675 
-42785297 
-42577765 
-42362181 
-42138686 
-41907393 
-41668433 
-41421932 
-41168017 
-40906821 
-40638466 
-40362896 
-40080629 
-39791593 
-39495745 
-39193410 
-38884711 
-38569788 
-38248781 
-37921831 
-37589073 
-37250646 
-36906688 
-36557346 
-36202757 
-35843068 
-35478415 
-35108762 
-34734439 
-34355584 
-33972153 
-33584471 
-33192692 
-32796774 
-32397043 
-31993470 
-31586187 
-31175525 
-30761449 
-30344103 
-29923631 
-29500168 
-29073873 
-28644879 
-28213336 
-27779385 
-27343171 
-26904841 
-26464353 
-26022028 
-25577836 
-25132090 
-24684756 
-24235975 
-23785875 
-23334606 
-22882304 
-22429109 
-21975158 
-21520593 
-21065360 
-20609785 
-20153816 
-19697773 
-19241609 
-18785451 
-18329434 
-17873693 
-17418162 
-16963163 
-16508819 
-16055083 
-15602074 
-15150102 
-14699106 
-14249210 
-13800540 
-13353030 
-12906981 
-12462516 
-12019564 
-11578239 
-11138850 
-10701315 
-10265758 
-9832096 
-9400633 
-8971475 
-8544536 
-8119931 
-7697942 
-7278507 
-6861707 
-6447655 
-6036264 
-5627822 
-5222231 
-4819773 
-4420360 
-4024086 
-3631038 
-3241309 
-2854793 
-2471769 
-2092142 
-1716170 
-1343760 
-974981 
-609922 
-248468 
109119 
462758 
812565 
1158476 
1500411 
1838308 
2172094 
2501705 
2827274 
3148539 
3465631 
3778304 
4086681 
4390716 
4690534 
4985900 
5276763 
5563253 
5845145 
6122568 
6395479 
6663838 
6927607 
7186731 
7441368 
7691288 
7936648 
8177413 
8413544 
8644833 
8871610 
9093672 
9310989 
9523529 
9731460 
9934760 
10133215 
10327002 
10516091 
10700466 
10880126 
11055223 
11225576 
11391350 
11552356 
11708763 
11860570 
12007770 
12150358 
12288329 
12421686 
12550425 
12674735 
12794429 
12909702 
13020363 
13126617 
13228459 
13325903 
13418966 
13507644 
13591959 
13671917 
13747718 
13819192 
13886359 
13949414 
14008208 
14062921 
14113589 
14160228 
14202860 
14241517 
14276211 
14306977 
14333844 
14356832 
14375972 
14391472 
14403190 
14411142 
14415545 
14416257 
14413489 
14407285 
14397489 
14384322 
14367819 
14348024 
14324968 
14298513 
14269060 
14236280 
14200399 
14161449 
14119670 
14074920 
14027238 
13976668 
13923255 
13867035 
13808250 
13746753 
13682593 
13615821 
13546659 
13474979 
13400820 
13324420 
13245648 
13164730 
13081540 
12996112 
12908693 
12819146 
12727707 
12634242 
12538985 
12441807 
12342753 
12242071 
12139617 
12035632 
11929985 
11822726 
11714091 
11603954 
11492546 
11379742 
11265584 
11150320 
11033820 
10916123 
10797292 
10677563 
10556809 
10435079 
10312425 
10188899 
10064742 
9939819 
9814192 
9687897 
9561003 
9433553 
9305602 
9177205 
9048224 
8918891 
8789265 
8659391 
8529137 
8398743 
8268252 
8137534 
8006821 
7875982 
7745243 
7614481 
7483917 
7353422 
7223044 
7092828 
6963006 
6833440 
6704180 
6575268 
6446756 
6318687 
6191106 
6063871 
5937215 
5811174 
5685617 
5560765 
5436665 
5313174 
5190328 
5068358 
4947119 
4826650 
4706990 
4588182 
4470263 
4353266 
4237230 
4122197 
4008205 
3895103 
3783110 
3672077 
3562222 
3453585 
3346009 
3239530 
3134176 
3029981 
2926975 
2825192 
2724658 
2625406 
2527462 
2430857 
2335438 
2241405 
2148614 
2057265 
1967208 
1878461 
1791240 
1705379 
1620907 
1537846 
1456210 
1376030 
1297138 
1219735 
1143840 
1069299 
996301 
924689 
854475 
785858 
718676 
652944 
588672 
525876 
464574 
404587 
346114 
289173 
233768 
179734 
127074 
75985 
26294 
-21995 
-68872 
-114336 
-158376 
-200982 
-242152 
-281883 
-320162 
-356991 
-392543 
-426631 
-459443 
-490972 
-521038 
-549817 
-577312 
-603522 
-628448 
-652092 
-674455 
-695535 
-715339 
-734048 
-751485 
-767655 
-782744 
-796571 
-809331 
-821025 
-831477 
-840874 
-849224 
-856534 
-862812 
-868073 
-872315 
-875552 
-877791 
-879228 
-879685 
-879178 
-877898 
-875669 
-872691 
-868788 
-864157 
-858811 
-852767 
-845847 
-838252 
-829996 
-821092 
-811555 
-801397 
-790635 
-779284 
-767541 
-755242 
-742400 
-729217 
-715523 
-701338 
-686857 
-671916 
-656716 
-641091 
-625242 
-609186 
-592945 
-576349 
-559599 
-542713 
-525719 
-508624 
-491270 
-473857 
-456399 
-438918 
-421435 
-404150 
-386904 
-369716 
-352602 
-335583 
-318678 
-302093 
-285662 
-269404 
-253338 
-237666 
-222227 
-207224 
-192493 
-178054 
-164110 
-150496 
-137420 
-124713 
-112580 
-100858 
-89750 
-79090 
-69083 
-59565 
-50736 
-42617 
-35043 
-28214 
-21966 
-16505 
-11850 
-7836 
-4664 
-2350 
-728 
0 
