0 
60 
120 
180 
241 
301 
361 
421 
481 
541 
601 
660 
720 
779 
838 
897 
956 
1014 
1073 
1131 
1189 
1246 
1303 
1360 
1417 
1474 
1530 
1586 
1641 
1696 
1751 
1805 
1859 
1913 
1966 
2018 
2071 
2122 
2174 
2225 
2275 
2325 
2374 
2423 
2472 
2519 
2567 
2613 
2660 
2705 
2750 
2795 
2838 
2882 
2924 
2966 
3007 
3048 
3088 
3127 
3166 
3204 
3241 
3277 
3313 
3348 
3383 
3416 
3449 
3481 
3513 
3543 
3573 
3602 
3631 
3658 
3685 
3711 
3736 
3760 
3784 
3806 
3828 
3849 
3869 
3889 
3907 
3925 
3942 
3958 
3973 
3987 
4000 
4013 
4024 
4035 
4045 
4054 
4062 
4069 
4076 
4081 
4086 
4090 
4092 
4094 
4095 
4095 
4095 
4093 
4091 
4087 
4083 
4078 
4072 
4065 
4057 
4048 
4039 
4028 
4017 
4005 
3992 
3978 
3963 
3947 
3931 
3913 
3895 
3876 
3856 
3835 
3814 
3791 
3768 
3744 
3719 
3694 
3667 
3640 
3612 
3583 
3553 
3523 
3492 
3460 
3427 
3394 
3360 
3325 
3289 
3253 
3216 
3178 
3140 
3101 
3061 
3021 
2980 
2938 
2896 
2853 
2809 
2765 
2720 
2675 
2629 
2582 
2535 
2488 
2439 
2391 
2342 
2292 
2242 
2191 
2140 
2088 
2036 
1983 
1930 
1877 
1823 
1769 
1714 
1659 
1604 
1548 
1492 
1436 
1379 
1322 
1265 
1208 
1150 
1092 
1034 
975 
917 
858 
799 
739 
680 
620 
561 
501 
441 
381 
321 
261 
200 
140 
80 
20 
-40 
-100 
-160 
-221 
-281 
-341 
-401 
-461 
-521 
-581 
-640 
-700 
-759 
-818 
-877 
-936 
-995 
-1053 
-1111 
-1169 
-1227 
-1284 
-1341 
-1398 
-1455 
-1511 
-1567 
-1623 
-1678 
-1733 
-1787 
-1841 
-1895 
-1948 
-2001 
-2053 
-2105 
-2157 
-2208 
-2258 
-2308 
-2358 
-2407 
-2456 
-2504 
-2551 
-2598 
-2644 
-2690 
-2735 
-2780 
-2824 
-2867 
-2910 
-2952 
-2994 
-3034 
-3075 
-3114 
-3153 
-3191 
-3229 
-3265 
-3301 
-3337 
-3371 
-3405 
-3438 
-3471 
-3502 
-3533 
-3563 
-3593 
-3621 
-3649 
-3676 
-3702 
-3728 
-3752 
-3776 
-3799 
-3821 
-3842 
-3863 
-3882 
-3901 
-3919 
-3936 
-3952 
-3968 
-3982 
-3996 
-4009 
-4021 
-4032 
-4042 
-4051 
-4060 
-4067 
-4074 
-4080 
-4084 
-4088 
-4092 
-4094 
-4095 
-4096 
-4095 
-4094 
-4092 
-4088 
-4084 
-4080 
-4074 
-4067 
-4060 
-4051 
-4042 
-4032 
-4021 
-4009 
-3996 
-3982 
-3968 
-3952 
-3936 
-3919 
-3901 
-3882 
-3863 
-3842 
-3821 
-3799 
-3776 
-3752 
-3728 
-3702 
-3676 
-3649 
-3621 
-3593 
-3563 
-3533 
-3502 
-3471 
-3438 
-3405 
-3371 
-3337 
-3301 
-3265 
-3229 
-3191 
-3153 
-3114 
-3075 
-3034 
-2994 
-2952 
-2910 
-2867 
-2824 
-2780 
-2735 
-2690 
-2644 
-2598 
-2551 
-2504 
-2456 
-2407 
-2358 
-2308 
-2258 
-2208 
-2157 
-2105 
-2053 
-2001 
-1948 
-1895 
-1841 
-1787 
-1733 
-1678 
-1623 
-1567 
-1511 
-1455 
-1398 
-1341 
-1284 
-1227 
-1169 
-1111 
-1053 
-995 
-936 
-877 
-818 
-759 
-700 
-640 
-581 
-521 
-461 
-401 
-341 
-281 
-221 
-160 
-100 
-40 
20 
80 
140 
200 
261 
321 
381 
441 
501 
561 
620 
680 
739 
799 
858 
917 
975 
1034 
1092 
1150 
1208 
1265 
1322 
1379 
1436 
1492 
1548 
1604 
1659 
1714 
1769 
1823 
1877 
1930 
1983 
2036 
2088 
2140 
2191 
2242 
2292 
2342 
2391 
2439 
2488 
2535 
2582 
2629 
2675 
2720 
2765 
2809 
2853 
2896 
2938 
2980 
3021 
3061 
3101 
3140 
3178 
3216 
3253 
3289 
3325 
3360 
3394 
3427 
3460 
3492 
3523 
3553 
3583 
3612 
3640 
3667 
3694 
3719 
3744 
3768 
3791 
3814 
3835 
3856 
3876 
3895 
3913 
3931 
3947 
3963 
3978 
3992 
4005 
4017 
4028 
4039 
4048 
4057 
4065 
4072 
4078 
4083 
4087 
4091 
4093 
4095 
4095 
4095 
4094 
4092 
4090 
4086 
4081 
4076 
4069 
4062 
4054 
4045 
4035 
4024 
4013 
4000 
3987 
3973 
3958 
3942 
3925 
3907 
3889 
3869 
3849 
3828 
3806 
3784 
3760 
3736 
3711 
3685 
3658 
3631 
3602 
3573 
3543 
3513 
3481 
3449 
3416 
3383 
3348 
3313 
3277 
3241 
3204 
3166 
3127 
3088 
3048 
3007 
2966 
2924 
2882 
2838 
2795 
2750 
2705 
2660 
2613 
2567 
2519 
2472 
2423 
2374 
2325 
2275 
2225 
2174 
2122 
2071 
2018 
1966 
1913 
1859 
1805 
1751 
1696 
1641 
1586 
1530 
1474 
1417 
1360 
1303 
1246 
1189 
1131 
1073 
1014 
956 
897 
838 
779 
720 
660 
601 
541 
481 
421 
361 
301 
241 
180 
120 
60 
0 
-60 
-120 
-180 
-241 
-301 
-361 
-421 
-481 
-541 
-601 
-660 
-720 
-779 
-838 
-897 
-956 
-1014 
-1073 
-1131 
-1189 
-1246 
-1303 
-1360 
-1417 
-1474 
-1530 
-1586 
-1641 
-1696 
-1751 
-1805 
-1859 
-1913 
-1966 
-2018 
-2071 
-2122 
-2174 
-2225 
-2275 
-2325 
-2374 
-2423 
-2472 
-2519 
-2567 
-2613 
-2660 
-2705 
-2750 
-2795 
-2838 
-2882 
-2924 
-2966 
-3007 
-3048 
-3088 
-3127 
-3166 
-3204 
-3241 
-3277 
-3313 
-3348 
-3383 
-3416 
-3449 
-3481 
-3513 
-3543 
-3573 
-3602 
-3631 
-3658 
-3685 
-3711 
-3736 
-3760 
-3784 
-3806 
-3828 
-3849 
-3869 
-3889 
-3907 
-3925 
-3942 
-3958 
-3973 
-3987 
-4000 
-4013 
-4024 
-4035 
-4045 
-4054 
-4062 
-4069 
-4076 
-4081 
-4086 
-4090 
-4092 
-4094 
-4095 
-4095 
-4095 
-4093 
-4091 
-4087 
-4083 
-4078 
-4072 
-4065 
-4057 
-4048 
-4039 
-4028 
-4017 
-4005 
-3992 
-3978 
-3963 
-3947 
-3931 
-3913 
-3895 
-3876 
-3856 
-3835 
-3814 
-3791 
-3768 
-3744 
-3719 
-3694 
-3667 
-3640 
-3612 
-3583 
-3553 
-3523 
-3492 
-3460 
-3427 
-3394 
-3360 
-3325 
-3289 
-3253 
-3216 
-3178 
-3140 
-3101 
-3061 
-3021 
-2980 
-2938 
-2896 
-2853 
-2809 
-2765 
-2720 
-2675 
-2629 
-2582 
-2535 
-2488 
-2439 
-2391 
-2342 
-2292 
-2242 
-2191 
-2140 
-2088 
-2036 
-1983 
-1930 
-1877 
-1823 
-1769 
-1714 
-1659 
-1604 
-1548 
-1492 
-1436 
-1379 
-1322 
-1265 
-1208 
-1150 
-1092 
-1034 
-975 
-917 
-858 
-799 
-739 
-680 
-620 
-561 
-501 
-441 
-381 
-321 
-261 
-200 
-140 
-80 
-20 
40 
100 
160 
221 
281 
341 
401 
461 
521 
581 
640 
700 
759 
818 
877 
936 
995 
1053 
1111 
1169 
1227 
1284 
1341 
1398 
1455 
1511 
1567 
1623 
1678 
1733 
1787 
1841 
1895 
1948 
2001 
2053 
2105 
2157 
2208 
2258 
2308 
2358 
2407 
2456 
2504 
2551 
2598 
2644 
2690 
2735 
2780 
2824 
2867 
2910 
2952 
2994 
3034 
3075 
3114 
3153 
3191 
3229 
3265 
3301 
3337 
3371 
3405 
3438 
3471 
3502 
3533 
3563 
3593 
3621 
3649 
3676 
3702 
3728 
3752 
3776 
3799 
3821 
3842 
3863 
3882 
3901 
3919 
3936 
3952 
3968 
3982 
3996 
4009 
4021 
4032 
4042 
4051 
4060 
4067 
4074 
4080 
4084 
4088 
4092 
4094 
4095 
4096 
4095 
4094 
4092 
4088 
4084 
4080 
4074 
4067 
4060 
4051 
4042 
4032 
4021 
4009 
3996 
3982 
3968 
3952 
3936 
3919 
3901 
3882 
3863 
3842 
3821 
3799 
3776 
3752 
3728 
3702 
3676 
3649 
3621 
3593 
3563 
3533 
3502 
3471 
3438 
3405 
3371 
3337 
3301 
3265 
3229 
3191 
3153 
3114 
3075 
3034 
2994 
2952 
2910 
2867 
2824 
2780 
2735 
2690 
2644 
2598 
2551 
2504 
2456 
2407 
2358 
2308 
2258 
2208 
2157 
2105 
2053 
2001 
1948 
1895 
1841 
1787 
1733 
1678 
1623 
1567 
1511 
1455 
1398 
1341 
1284 
1227 
1169 
1111 
1053 
995 
936 
877 
818 
759 
700 
640 
581 
521 
461 
401 
341 
281 
221 
160 
100 
40 
-20 
-80 
-140 
-200 
-261 
-321 
-381 
-441 
-501 
-561 
-620 
-680 
-739 
-799 
-858 
-917 
-975 
-1034 
-1092 
-1150 
-1208 
-1265 
-1322 
-1379 
-1436 
-1492 
-1548 
-1604 
-1659 
-1714 
-1769 
-1823 
-1877 
-1930 
-1983 
-2036 
-2088 
-2140 
-2191 
-2242 
-2292 
-2342 
-2391 
-2439 
-2488 
-2535 
-2582 
-2629 
-2675 
-2720 
-2765 
-2809 
-2853 
-2896 
-2938 
-2980 
-3021 
-3061 
-3101 
-3140 
-3178 
-3216 
-3253 
-3289 
-3325 
-3360 
-3394 
-3427 
-3460 
-3492 
-3523 
-3553 
-3583 
-3612 
-3640 
-3667 
-3694 
-3719 
-3744 
-3768 
-3791 
-3814 
-3835 
-3856 
-3876 
-3895 
-3913 
-3931 
-3947 
-3963 
-3978 
-3992 
-4005 
-4017 
-4028 
-4039 
-4048 
-4057 
-4065 
-4072 
-4078 
-4083 
-4087 
-4091 
-4093 
-4095 
-4095 
-4095 
-4094 
-4092 
-4090 
-4086 
-4081 
-4076 
-4069 
-4062 
-4054 
-4045 
-4035 
-4024 
-4013 
-4000 
-3987 
-3973 
-3958 
-3942 
-3925 
-3907 
-3889 
-3869 
-3849 
-3828 
-3806 
-3784 
-3760 
-3736 
-3711 
-3685 
-3658 
-3631 
-3602 
-3573 
-3543 
-3513 
-3481 
-3449 
-3416 
-3383 
-3348 
-3313 
-3277 
-3241 
-3204 
-3166 
-3127 
-3088 
-3048 
-3007 
-2966 
-2924 
-2882 
-2838 
-2795 
-2750 
-2705 
-2660 
-2613 
-2567 
-2519 
-2472 
-2423 
-2374 
-2325 
-2275 
-2225 
-2174 
-2122 
-2071 
-2018 
-1966 
-1913 
-1859 
-1805 
-1751 
-1696 
-1641 
-1586 
-1530 
-1474 
-1417 
-1360 
-1303 
-1246 
-1189 
-1131 
-1073 
-1014 
-956 
-897 
-838 
-779 
-720 
-660 
-601 
-541 
-481 
-421 
-361 
-301 
-241 
-180 
-120 
-60 
0 
60 
120 
180 
241 
301 
361 
421 
481 
541 
601 
660 
720 
779 
838 
897 
956 
1014 
1073 
1131 
1189 
1246 
1303 
1360 
1417 
1474 
1530 
1586 
1641 
1696 
1751 
1805 
1859 
1913 
1966 
2018 
2071 
2122 
2174 
2225 
2275 
2325 
2374 
2423 
2472 
2519 
2567 
2613 
2660 
2705 
2750 
2795 
2838 
2882 
2924 
2966 
3007 
3048 
3088 
3127 
3166 
3204 
3241 
3277 
3313 
3348 
3383 
3416 
3449 
3481 
3513 
3543 
3573 
3602 
3631 
3658 
3685 
3711 
3736 
3760 
3784 
3806 
3828 
3849 
3869 
3889 
3907 
3925 
3942 
3958 
3973 
3987 
4000 
4013 
4024 
4035 
4045 
4054 
4062 
4069 
4076 
4081 
4086 
4090 
4092 
4094 
4095 
4095 
4095 
4093 
4091 
4087 
4083 
4078 
4072 
4065 
4057 
4048 
4039 
4028 
4017 
4005 
3992 
3978 
3963 
3947 
3931 
3913 
3895 
3876 
3856 
3835 
3814 
3791 
3768 
3744 
3719 
3694 
3667 
3640 
3612 
3583 
3553 
3523 
3492 
3460 
3427 
3394 
3360 
3325 
3289 
3253 
3216 
3178 
3140 
3101 
3061 
3021 
2980 
2938 
2896 
2853 
2809 
2765 
2720 
2675 
2629 
2582 
2535 
2488 
2439 
2391 
2342 
2292 
2242 
2191 
2140 
2088 
2036 
1983 
1930 
1877 
1823 
1769 
1714 
1659 
1604 
1548 
1492 
1436 
1379 
1322 
1265 
1208 
1150 
1092 
1034 
975 
917 
858 
799 
739 
680 
620 
561 
501 
441 
381 
321 
261 
200 
140 
80 
20 
-40 
-100 
-160 
-221 
-281 
-341 
-401 
-461 
-521 
-581 
-640 
-700 
-759 
-818 
-877 
-936 
-995 
-1053 
-1111 
-1169 
-1227 
-1284 
-1341 
-1398 
-1455 
-1511 
-1567 
-1623 
-1678 
-1733 
-1787 
-1841 
-1895 
-1948 
-2001 
-2053 
-2105 
-2157 
-2208 
-2258 
-2308 
-2358 
-2407 
-2456 
-2504 
-2551 
-2598 
-2644 
-2690 
-2735 
-2780 
-2824 
-2867 
-2910 
-2952 
-2994 
-3034 
-3075 
-3114 
-3153 
-3191 
-3229 
-3265 
-3301 
-3337 
-3371 
-3405 
-3438 
-3471 
-3502 
-3533 
-3563 
-3593 
-3621 
-3649 
-3676 
-3702 
-3728 
-3752 
-3776 
-3799 
-3821 
-3842 
-3863 
-3882 
-3901 
-3919 
-3936 
-3952 
-3968 
-3982 
-3996 
-4009 
-4021 
-4032 
-4042 
-4051 
-4060 
-4067 
-4074 
-4080 
-4084 
-4088 
-4092 
-4094 
-4095 
-4096 
-4095 
-4094 
-4092 
-4088 
-4084 
-4080 
-4074 
-4067 
-4060 
-4051 
-4042 
-4032 
-4021 
-4009 
-3996 
-3982 
-3968 
-3952 
-3936 
-3919 
-3901 
-3882 
-3863 
-3842 
-3821 
-3799 
-3776 
-3752 
-3728 
-3702 
-3676 
-3649 
-3621 
-3593 
-3563 
-3533 
-3502 
-3471 
-3438 
-3405 
-3371 
-3337 
-3301 
-3265 
-3229 
-3191 
-3153 
-3114 
-3075 
-3034 
-2994 
-2952 
-2910 
-2867 
-2824 
-2780 
-2735 
-2690 
-2644 
-2598 
-2551 
-2504 
-2456 
-2407 
-2358 
-2308 
-2258 
-2208 
-2157 
-2105 
-2053 
-2001 
-1948 
-1895 
-1841 
-1787 
-1733 
-1678 
-1623 
-1567 
-1511 
-1455 
-1398 
-1341 
-1284 
-1227 
-1169 
-1111 
-1053 
-995 
-936 
-877 
-818 
-759 
-700 
-640 
-581 
-521 
-461 
-401 
-341 
-281 
-221 
-160 
-100 
-40 
20 
80 
140 
200 
261 
321 
381 
441 
501 
561 
620 
680 
739 
799 
858 
917 
975 
1034 
1092 
1150 
1208 
1265 
1322 
1379 
1436 
1492 
1548 
1604 
1659 
1714 
1769 
1823 
1877 
1930 
1983 
2036 
2088 
2140 
2191 
2242 
2292 
2342 
2391 
2439 
2488 
2535 
2582 
2629 
2675 
2720 
2765 
2809 
2853 
2896 
2938 
2980 
3021 
3061 
3101 
3140 
3178 
3216 
3253 
3289 
3325 
3360 
3394 
3427 
3460 
3492 
3523 
3553 
3583 
3612 
3640 
3667 
3694 
3719 
3744 
3768 
3791 
3814 
3835 
3856 
3876 
3895 
3913 
3931 
3947 
3963 
3978 
3992 
4005 
4017 
4028 
4039 
4048 
4057 
4065 
4072 
4078 
4083 
4087 
4091 
4093 
4095 
4095 
4095 
4094 
4092 
4090 
4086 
4081 
4076 
4069 
4062 
4054 
4045 
4035 
4024 
4013 
4000 
3987 
3973 
3958 
3942 
3925 
3907 
3889 
3869 
3849 
3828 
3806 
3784 
3760 
3736 
3711 
3685 
3658 
3631 
3602 
3573 
3543 
3513 
3481 
3449 
3416 
3383 
3348 
3313 
3277 
3241 
3204 
3166 
3127 
3088 
3048 
3007 
2966 
2924 
2882 
2838 
2795 
2750 
2705 
2660 
2613 
2567 
2519 
2472 
2423 
2374 
2325 
2275 
2225 
2174 
2122 
2071 
2018 
1966 
1913 
1859 
1805 
1751 
1696 
1641 
1586 
1530 
1474 
1417 
1360 
1303 
1246 
1189 
1131 
1073 
1014 
956 
897 
838 
779 
720 
660 
601 
541 
481 
421 
361 
301 
241 
180 
120 
60 
0 
-60 
-120 
-180 
-241 
-301 
-361 
-421 
-481 
-541 
-601 
-660 
-720 
-779 
-838 
-897 
-956 
-1014 
-1073 
-1131 
-1189 
-1246 
-1303 
-1360 
-1417 
-1474 
-1530 
-1586 
-1641 
-1696 
-1751 
-1805 
-1859 
-1913 
-1966 
-2018 
-2071 
-2122 
-2174 
-2225 
-2275 
-2325 
-2374 
-2423 
-2472 
-2519 
-2567 
-2613 
-2660 
-2705 
-2750 
-2795 
-2838 
-2882 
-2924 
-2966 
-3007 
-3048 
-3088 
-3127 
-3166 
-3204 
-3241 
-3277 
-3313 
-3348 
-3383 
-3416 
-3449 
-3481 
-3513 
-3543 
-3573 
-3602 
-3631 
-3658 
-3685 
-3711 
-3736 
-3760 
-3784 
-3806 
-3828 
-3849 
-3869 
-3889 
-3907 
-3925 
-3942 
-3958 
-3973 
-3987 
-4000 
-4013 
-4024 
-4035 
-4045 
-4054 
-4062 
-4069 
-4076 
-4081 
-4086 
-4090 
-4092 
-4094 
-4095 
-4095 
-4095 
-4093 
-4091 
-4087 
-4083 
-4078 
-4072 
-4065 
-4057 
-4048 
-4039 
-4028 
-4017 
-4005 
-3992 
-3978 
-3963 
-3947 
-3931 
-3913 
-3895 
-3876 
-3856 
-3835 
-3814 
-3791 
-3768 
-3744 
-3719 
-3694 
-3667 
-3640 
-3612 
-3583 
-3553 
-3523 
-3492 
-3460 
-3427 
-3394 
-3360 
-3325 
-3289 
-3253 
-3216 
-3178 
-3140 
-3101 
-3061 
-3021 
-2980 
-2938 
-2896 
-2853 
-2809 
-2765 
-2720 
-2675 
-2629 
-2582 
-2535 
-2488 
-2439 
-2391 
-2342 
-2292 
-2242 
-2191 
-2140 
-2088 
-2036 
-1983 
-1930 
-1877 
-1823 
-1769 
-1714 
-1659 
-1604 
-1548 
-1492 
-1436 
-1379 
-1322 
-1265 
-1208 
-1150 
-1092 
-1034 
-975 
-917 
-858 
-799 
-739 
-680 
-620 
-561 
-501 
-441 
-381 
-321 
-261 
-200 
-140 
-80 
-20 
40 
100 
160 
221 
281 
341 
401 
461 
521 
581 
640 
700 
759 
818 
877 
936 
995 
1053 
1111 
1169 
1227 
1284 
1341 
1398 
1455 
1511 
1567 
1623 
1678 
1733 
1787 
1841 
1895 
1948 
2001 
2053 
2105 
2157 
2208 
2258 
2308 
2358 
2407 
2456 
2504 
2551 
2598 
2644 
2690 
2735 
2780 
2824 
2867 
2910 
2952 
2994 
3034 
3075 
3114 
3153 
3191 
3229 
3265 
3301 
3337 
3371 
3405 
3438 
3471 
3502 
3533 
3563 
3593 
3621 
3649 
3676 
3702 
3728 
3752 
3776 
3799 
3821 
3842 
3863 
3882 
3901 
3919 
3936 
3952 
3968 
3982 
3996 
4009 
4021 
4032 
4042 
4051 
4060 
4067 
4074 
4080 
4084 
4088 
4092 
4094 
4095 
4096 
4095 
4094 
4092 
4088 
4084 
4080 
4074 
4067 
4060 
4051 
4042 
4032 
4021 
4009 
3996 
3982 
3968 
3952 
3936 
3919 
3901 
3882 
3863 
3842 
3821 
3799 
3776 
3752 
3728 
3702 
3676 
3649 
3621 
3593 
3563 
3533 
3502 
3471 
3438 
3405 
3371 
3337 
3301 
3265 
3229 
3191 
3153 
3114 
3075 
3034 
2994 
2952 
2910 
2867 
2824 
2780 
2735 
2690 
2644 
2598 
2551 
2504 
2456 
2407 
2358 
2308 
2258 
2208 
2157 
2105 
2053 
2001 
1948 
1895 
1841 
1787 
1733 
1678 
1623 
1567 
1511 
1455 
1398 
1341 
1284 
1227 
1169 
1111 
1053 
995 
936 
877 
818 
759 
700 
640 
581 
521 
461 
401 
341 
281 
221 
160 
100 
40 
-20 
-80 
-140 
-200 
-261 
-321 
-381 
-441 
-501 
-561 
-620 
-680 
-739 
-799 
-858 
-917 
-975 
-1034 
-1092 
-1150 
-1208 
-1265 
-1322 
-1379 
-1436 
-1492 
-1548 
-1604 
-1659 
-1714 
-1769 
-1823 
-1877 
-1930 
-1983 
-2036 
-2088 
-2140 
-2191 
-2242 
-2292 
-2342 
-2391 
-2439 
-2488 
-2535 
-2582 
-2629 
-2675 
-2720 
-2765 
-2809 
-2853 
-2896 
-2938 
-2980 
-3021 
-3061 
-3101 
-3140 
-3178 
-3216 
-3253 
-3289 
-3325 
-3360 
-3394 
-3427 
-3460 
-3492 
-3523 
-3553 
-3583 
-3612 
-3640 
-3667 
-3694 
-3719 
-3744 
-3768 
-3791 
-3814 
-3835 
-3856 
-3876 
-3895 
-3913 
-3931 
-3947 
-3963 
-3978 
-3992 
-4005 
-4017 
-4028 
-4039 
-4048 
-4057 
-4065 
-4072 
-4078 
-4083 
-4087 
-4091 
-4093 
-4095 
-4095 
-4095 
-4094 
-4092 
-4090 
-4086 
-4081 
-4076 
-4069 
-4062 
-4054 
-4045 
-4035 
-4024 
-4013 
-4000 
-3987 
-3973 
-3958 
-3942 
-3925 
-3907 
-3889 
-3869 
-3849 
-3828 
-3806 
-3784 
-3760 
-3736 
-3711 
-3685 
-3658 
-3631 
-3602 
-3573 
-3543 
-3513 
-3481 
-3449 
-3416 
-3383 
-3348 
-3313 
-3277 
-3241 
-3204 
-3166 
-3127 
-3088 
-3048 
-3007 
-2966 
-2924 
-2882 
-2838 
-2795 
-2750 
-2705 
-2660 
-2613 
-2567 
-2519 
-2472 
-2423 
-2374 
-2325 
-2275 
-2225 
-2174 
-2122 
-2071 
-2018 
-1966 
-1913 
-1859 
-1805 
-1751 
-1696 
-1641 
-1586 
-1530 
-1474 
-1417 
-1360 
-1303 
-1246 
-1188 
-1131 
-1073 
-1014 
-956 
-897 
-838 
-779 
-720 
-660 
-601 
-541 
-481 
-421 
-361 
-301 
-241 
-180 
-120 
-60 
0 
60 
120 
180 
241 
301 
361 
421 
481 
541 
601 
660 
720 
779 
838 
897 
956 
1014 
1073 
1131 
1189 
1246 
1303 
1360 
1417 
1474 
1530 
1586 
1641 
1696 
1751 
1805 
1859 
1913 
1966 
2018 
2071 
2122 
2174 
2225 
2275 
2325 
2374 
2423 
2472 
2519 
2567 
2613 
2660 
2705 
2750 
2795 
2838 
2882 
2924 
2966 
3007 
3048 
3088 
3127 
3166 
3204 
3241 
3277 
3313 
3348 
3383 
3416 
3449 
3481 
3513 
3543 
3573 
3602 
3631 
3658 
3685 
3711 
3736 
3760 
3784 
3806 
3828 
3849 
3869 
3889 
3907 
3925 
3942 
3958 
3973 
3987 
4000 
4013 
4024 
4035 
4045 
4054 
4062 
4069 
4076 
4081 
4086 
4090 
4092 
4094 
4095 
4095 
4095 
4093 
4091 
4087 
4083 
4078 
4072 
4065 
4057 
4048 
4039 
4028 
4017 
4005 
3992 
3978 
3963 
3947 
3931 
3913 
3895 
3876 
3856 
3835 
3814 
3791 
3768 
3744 
3719 
3694 
3667 
3640 
3612 
3583 
3553 
3523 
3492 
3460 
3427 
3394 
3360 
3325 
3289 
3253 
3216 
3178 
3140 
3101 
3061 
3021 
2980 
2938 
2896 
2853 
2809 
2765 
2720 
2675 
2629 
2582 
2535 
2488 
2439 
2391 
2342 
2292 
2242 
2191 
2140 
2088 
2036 
1983 
1930 
1877 
1823 
1769 
1714 
1659 
1604 
1548 
1492 
1436 
1379 
1322 
1265 
1208 
1150 
1092 
1034 
975 
917 
858 
799 
739 
680 
620 
561 
501 
441 
381 
321 
261 
200 
140 
80 
20 
-40 
-100 
-160 
-221 
-281 
-341 
-401 
-461 
-521 
-581 
-640 
-700 
-759 
-818 
-877 
-936 
-995 
-1053 
-1111 
-1169 
-1227 
-1284 
-1341 
-1398 
-1455 
-1511 
-1567 
-1623 
-1678 
-1733 
-1787 
-1841 
-1895 
-1948 
-2001 
-2053 
-2105 
-2157 
-2208 
-2258 
-2308 
-2358 
-2407 
-2456 
-2504 
-2551 
-2598 
-2644 
-2690 
-2735 
-2780 
-2824 
-2867 
-2910 
-2952 
-2994 
-3034 
-3075 
-3114 
-3153 
-3191 
-3229 
-3265 
-3301 
-3337 
-3371 
-3405 
-3438 
-3471 
-3502 
-3533 
-3563 
-3593 
-3621 
-3649 
-3676 
-3702 
-3728 
-3752 
-3776 
-3799 
-3821 
-3842 
-3863 
-3882 
-3901 
-3919 
-3936 
-3952 
-3968 
-3982 
-3996 
-4009 
-4021 
-4032 
-4042 
-4051 
-4060 
-4067 
-4074 
-4080 
-4084 
-4088 
-4092 
-4094 
-4095 
-4096 
-4095 
-4094 
-4092 
-4088 
-4084 
-4080 
-4074 
-4067 
-4060 
-4051 
-4042 
-4032 
-4021 
-4009 
-3996 
-3982 
-3968 
-3952 
-3936 
-3919 
-3901 
-3882 
-3863 
-3842 
-3821 
-3799 
-3776 
-3752 
-3728 
-3702 
-3676 
-3649 
-3621 
-3593 
-3563 
-3533 
-3502 
-3471 
-3438 
-3405 
-3371 
-3337 
-3301 
-3265 
-3229 
-3191 
-3153 
-3114 
-3075 
-3034 
-2994 
-2952 
-2910 
-2867 
-2824 
-2780 
-2735 
-2690 
-2644 
-2598 
-2551 
-2504 
-2456 
-2407 
-2358 
-2308 
-2258 
-2208 
-2157 
-2105 
-2053 
-2001 
-1948 
-1895 
-1841 
-1787 
-1733 
-1678 
-1623 
-1567 
-1511 
-1455 
-1398 
-1341 
-1284 
-1227 
-1169 
-1111 
-1053 
-995 
-936 
-877 
-818 
-759 
-700 
-640 
-581 
-521 
-461 
-401 
-341 
-281 
-221 
-160 
-100 
-40 
20 
80 
140 
200 
261 
321 
381 
441 
501 
561 
620 
680 
739 
799 
858 
917 
975 
1034 
1092 
1150 
1208 
1265 
1322 
1379 
1436 
1492 
1548 
1604 
1659 
1714 
1769 
1823 
1877 
1930 
1983 
2036 
2088 
2140 
2191 
2242 
2292 
2342 
2391 
2439 
2488 
2535 
2582 
2629 
2675 
2720 
2765 
2809 
2853 
2896 
2938 
2980 
3021 
3061 
3101 
3140 
3178 
3216 
3253 
3289 
3325 
3360 
3394 
3427 
3460 
3492 
3523 
3553 
3583 
3612 
3640 
3667 
3694 
3719 
3744 
3768 
3791 
3814 
3835 
3856 
3876 
3895 
3913 
3931 
3947 
3963 
3978 
3992 
4005 
4017 
4028 
4039 
4048 
4057 
4065 
4072 
4078 
4083 
4087 
4091 
4093 
4095 
4095 
4095 
4094 
4092 
4090 
4086 
4081 
4076 
4069 
4062 
4054 
4045 
4035 
4024 
4013 
4000 
3987 
3973 
3958 
3942 
3925 
3907 
3889 
3869 
3849 
3828 
3806 
3784 
3760 
3736 
3711 
3685 
3658 
3631 
3602 
3573 
3543 
3513 
3481 
3449 
3416 
3383 
3348 
3313 
3277 
3241 
3204 
3166 
3127 
3088 
3048 
3007 
2966 
2924 
2882 
2838 
2795 
2750 
2705 
2660 
2613 
2567 
2519 
2472 
2423 
2374 
2325 
2275 
2225 
2174 
2122 
2071 
2018 
1966 
1913 
1859 
1805 
1751 
1696 
1641 
1586 
1530 
1474 
1417 
1360 
1303 
1246 
1188 
1131 
1073 
1014 
956 
897 
838 
779 
720 
660 
600 
541 
481 
421 
361 
301 
241 
180 
120 
60 
0 
-60 
-120 
-180 
-241 
-301 
-361 
-421 
-481 
-541 
-601 
-660 
-720 
-779 
-838 
-897 
-956 
-1014 
-1073 
-1131 
-1189 
-1246 
-1303 
-1360 
-1417 
-1474 
-1530 
-1586 
-1641 
-1696 
-1751 
-1805 
-1859 
-1913 
-1966 
-2018 
-2071 
-2122 
-2174 
-2225 
-2275 
-2325 
-2374 
-2423 
-2472 
-2519 
-2567 
-2613 
-2660 
-2705 
-2750 
-2795 
-2838 
-2882 
-2924 
-2966 
-3007 
-3048 
-3088 
-3127 
-3166 
-3204 
-3241 
-3277 
-3313 
-3348 
-3383 
-3416 
-3449 
-3481 
-3513 
-3543 
-3573 
-3602 
-3631 
-3658 
-3685 
-3711 
-3736 
-3760 
-3784 
-3806 
-3828 
-3849 
-3869 
-3889 
-3907 
-3925 
-3942 
-3958 
-3973 
-3987 
-4000 
-4013 
-4024 
-4035 
-4045 
-4054 
-4062 
-4069 
-4076 
-4081 
-4086 
-4090 
-4092 
-4094 
-4095 
-4095 
-4095 
-4093 
-4091 
-4087 
-4083 
-4078 
-4072 
-4065 
-4057 
-4048 
-4039 
-4028 
-4017 
-4005 
-3992 
-3978 
-3963 
-3947 
-3931 
-3913 
-3895 
-3876 
-3856 
-3835 
-3814 
-3791 
-3768 
-3744 
-3719 
-3694 
-3667 
-3640 
-3612 
-3583 
-3553 
-3523 
-3492 
-3460 
-3427 
-3394 
-3360 
-3325 
-3289 
-3253 
-3216 
-3178 
-3140 
-3101 
-3061 
-3021 
-2980 
-2938 
-2896 
-2853 
-2809 
-2765 
-2720 
-2675 
-2629 
-2582 
-2535 
-2488 
-2439 
-2391 
-2342 
-2292 
-2242 
-2191 
-2140 
-2088 
-2036 
-1983 
-1930 
-1877 
-1823 
-1769 
-1714 
-1659 
-1604 
-1548 
-1492 
-1436 
-1379 
-1322 
-1265 
-1208 
-1150 
-1092 
-1034 
-975 
-917 
-858 
-799 
-739 
-680 
-620 
-561 
-501 
-441 
-381 
-321 
-261 
-200 
-140 
-80 
-20 
40 
100 
160 
221 
281 
341 
401 
461 
521 
581 
640 
700 
759 
818 
877 
936 
995 
1053 
1111 
1169 
1227 
1284 
1341 
1398 
1455 
1511 
1567 
1623 
1678 
1733 
1787 
1841 
1895 
1948 
2001 
2053 
2105 
2157 
2208 
2258 
2308 
2358 
2407 
2456 
2504 
2551 
2598 
2644 
2690 
2735 
2780 
2824 
2867 
2910 
2952 
2994 
3034 
3075 
3114 
3153 
3191 
3229 
3265 
3301 
3337 
3371 
3405 
3438 
3471 
3502 
3533 
3563 
3593 
3621 
3649 
3676 
3702 
3728 
3752 
3776 
3799 
3821 
3842 
3863 
3882 
3901 
3919 
3936 
3952 
3968 
3982 
3996 
4009 
4021 
4032 
4042 
4051 
4060 
4067 
4074 
4080 
4084 
4088 
4092 
4094 
4095 
4096 
4095 
4094 
4092 
4088 
4084 
4080 
4074 
4067 
4060 
4051 
4042 
4032 
4021 
4009 
3996 
3982 
3968 
3952 
3936 
3919 
3901 
3882 
3863 
3842 
3821 
3799 
3776 
3752 
3728 
3702 
3676 
3649 
3621 
3593 
3563 
3533 
3502 
3471 
3438 
3405 
3371 
3337 
3301 
3265 
3229 
3191 
3153 
3114 
3075 
3034 
2994 
2952 
2910 
2867 
2824 
2780 
2735 
2690 
2644 
2598 
2551 
2504 
2456 
2407 
2358 
2308 
2258 
2208 
2157 
2105 
2053 
2001 
1948 
1895 
1841 
1787 
1733 
1678 
1623 
1567 
1511 
1455 
1398 
1341 
1284 
1227 
1169 
1111 
1053 
995 
936 
877 
818 
759 
700 
640 
581 
521 
461 
401 
341 
281 
221 
160 
100 
40 
-20 
-80 
-140 
-200 
-261 
-321 
-381 
-441 
-501 
-561 
-620 
-680 
-739 
-799 
-858 
-917 
-975 
-1034 
-1092 
-1150 
-1208 
-1265 
-1322 
-1379 
-1436 
-1492 
-1548 
-1604 
-1659 
-1714 
-1769 
-1823 
-1877 
-1930 
-1983 
-2036 
-2088 
-2140 
-2191 
-2242 
-2292 
-2342 
-2391 
-2439 
-2488 
-2535 
-2582 
-2629 
-2675 
-2720 
-2765 
-2809 
-2853 
-2896 
-2938 
-2980 
-3021 
-3061 
-3101 
-3140 
-3178 
-3216 
-3253 
-3289 
-3325 
-3360 
-3394 
-3427 
-3460 
-3492 
-3523 
-3553 
-3583 
-3612 
-3640 
-3667 
-3694 
-3719 
-3744 
-3768 
-3791 
-3814 
-3835 
-3856 
-3876 
-3895 
-3913 
-3931 
-3947 
-3963 
-3978 
-3992 
-4005 
-4017 
-4028 
-4039 
-4048 
-4057 
-4065 
-4072 
-4078 
-4083 
-4087 
-4091 
-4093 
-4095 
-4095 
-4095 
-4094 
-4092 
-4090 
-4086 
-4081 
-4076 
-4069 
-4062 
-4054 
-4045 
-4035 
-4024 
-4013 
-4000 
-3987 
-3973 
-3958 
-3942 
-3925 
-3907 
-3889 
-3869 
-3849 
-3828 
-3806 
-3784 
-3760 
-3736 
-3711 
-3685 
-3658 
-3631 
-3602 
-3573 
-3543 
-3513 
-3481 
-3449 
-3416 
-3383 
-3348 
-3313 
-3277 
-3241 
-3204 
-3166 
-3127 
-3088 
-3048 
-3007 
-2966 
-2924 
-2882 
-2838 
-2795 
-2750 
-2705 
-2660 
-2613 
-2567 
-2519 
-2472 
-2423 
-2374 
-2325 
-2275 
-2225 
-2174 
-2122 
-2071 
-2018 
-1966 
-1913 
-1859 
-1805 
-1751 
-1696 
-1641 
-1586 
-1530 
-1474 
-1417 
-1360 
-1303 
-1246 
-1188 
-1131 
-1073 
-1014 
-956 
-897 
-838 
-779 
-720 
-660 
-600 
-541 
-481 
-421 
-361 
-301 
-241 
-180 
-120 
-60 
0 
60 
120 
180 
241 
301 
361 
421 
481 
541 
601 
660 
720 
779 
838 
897 
956 
1014 
1073 
1131 
1189 
1246 
1303 
1360 
1417 
1474 
1530 
1586 
1641 
1696 
1751 
1805 
1859 
1913 
1966 
2018 
2071 
2122 
2174 
2225 
2275 
2325 
2374 
2423 
2472 
2519 
2567 
2613 
2660 
2705 
2750 
2795 
2838 
2882 
2924 
2966 
3007 
3048 
3088 
3127 
3166 
3204 
3241 
3277 
3313 
3348 
3383 
3416 
3449 
3481 
3513 
3543 
3573 
3602 
3631 
3658 
3685 
3711 
3736 
3760 
3784 
3806 
3828 
3849 
3869 
3889 
3907 
3925 
3942 
3958 
3973 
3987 
4000 
4013 
4024 
4035 
4045 
4054 
4062 
4069 
4076 
4081 
4086 
4090 
4092 
4094 
4095 
4095 
4095 
4093 
4091 
4087 
4083 
4078 
4072 
4065 
4057 
4048 
4039 
4028 
4017 
4005 
3992 
3978 
3963 
3947 
3931 
3913 
3895 
3876 
3856 
3835 
3814 
3791 
3768 
3744 
3719 
3694 
3667 
3640 
3612 
3583 
3553 
3523 
3492 
3460 
3427 
3394 
3360 
3325 
3289 
3253 
3216 
3178 
3140 
3101 
3061 
3021 
2980 
2938 
2896 
2853 
2809 
2765 
2720 
2675 
2629 
2582 
2535 
2488 
2439 
2391 
2342 
2292 
2242 
2191 
2140 
2088 
2036 
1983 
1930 
1877 
1823 
1769 
1714 
1659 
1604 
1548 
1492 
1436 
1379 
1322 
1265 
1208 
1150 
1092 
1034 
975 
917 
858 
799 
739 
680 
620 
561 
501 
441 
381 
321 
261 
200 
140 
80 
20 
-40 
-100 
-160 
-221 
-281 
-341 
-401 
-461 
-521 
-581 
-640 
-700 
-759 
-818 
-877 
-936 
-995 
-1053 
-1111 
-1169 
-1227 
-1284 
-1341 
-1398 
-1455 
-1511 
-1567 
-1623 
-1678 
-1733 
-1787 
-1841 
-1895 
-1948 
-2001 
-2053 
-2105 
-2157 
-2208 
-2258 
-2308 
-2358 
