0 
21 
43 
64 
83 
101 
117 
131 
142 
151 
156 
159 
159 
155 
149 
139 
127 
113 
95 
76 
56 
34 
11 
-12 
-35 
-58 
-80 
-101 
-120 
-136 
-151 
-162 
-171 
-176 
-178 
-177 
-172 
-164 
-152 
-138 
-120 
-100 
-77 
-53 
-27 
0 
27 
54 
80 
106 
129 
151 
170 
186 
198 
207 
212 
213 
210 
202 
191 
175 
156 
133 
107 
79 
48 
16 
-17 
-51 
-84 
-116 
-146 
-175 
-200 
-222 
-240 
-254 
-263 
-267 
-266 
-259 
-248 
-231 
-209 
-183 
-152 
-118 
-81 
-42 
0 
41 
83 
125 
164 
201 
235 
265 
290 
310 
325 
333 
335 
330 
318 
300 
276 
246 
210 
169 
124 
76 
25 
-27 
-79 
-132 
-182 
-230 
-275 
-315 
-349 
-378 
-399 
-413 
-419 
-417 
-406 
-388 
-361 
-327 
-285 
-238 
-184 
-126 
-65 
0 
65 
130 
193 
255 
312 
364 
410 
448 
479 
500 
512 
514 
506 
488 
459 
422 
375 
320 
258 
189 
116 
39 
-40 
-120 
-198 
-274 
-346 
-412 
-471 
-523 
-564 
-595 
-615 
-623 
-619 
-602 
-574 
-533 
-482 
-420 
-349 
-270 
-185 
-94 
0 
95 
189 
282 
370 
453 
527 
592 
647 
690 
720 
736 
737 
725 
697 
656 
601 
534 
455 
366 
268 
164 
55 
-56 
-168 
-278 
-385 
-485 
-577 
-658 
-728 
-785 
-827 
-853 
-863 
-856 
-832 
-791 
-734 
-663 
-577 
-479 
-370 
-252 
-129 
0 
129 
258 
382 
502 
613 
712 
800 
872 
928 
967 
987 
988 
970 
932 
875 
801 
710 
604 
485 
355 
217 
72 
-74 
-221 
-366 
-505 
-636 
-755 
-861 
-952 
-1024 
-1078 
-1110 
-1121 
-1111 
-1078 
-1024 
-949 
-855 
-744 
-616 
-475 
-324 
-165 
0 
165 
329 
488 
640 
780 
906 
1015 
1106 
1176 
1223 
1247 
1247 
1222 
1173 
1101 
1006 
891 
757 
607 
444 
271 
90 
-92 
-275 
-455 
-627 
-788 
-935 
-1065 
-1175 
-1263 
-1328 
-1366 
-1378 
-1364 
-1322 
-1254 
-1162 
-1045 
-908 
-752 
-579 
-394 
-200 
0 
201 
399 
591 
774 
942 
1093 
1224 
1331 
1414 
1469 
1497 
1494 
1464 
1403 
1315 
1200 
1062 
901 
722 
528 
321 
107 
-109 
-325 
-537 
-740 
-929 
-1102 
-1253 
-1382 
-1484 
-1558 
-1602 
-1614 
-1595 
-1545 
-1465 
-1355 
-1218 
-1057 
-874 
-672 
-457 
-232 
0 
232 
461 
683 
893 
1086 
1259 
1408 
1531 
1624 
1686 
1716 
1712 
1675 
1604 
1502 
1370 
1210 
1026 
822 
600 
365 
122 
-123 
-368 
-608 
-836 
-1049 
-1243 
-1413 
-1556 
-1670 
-1752 
-1799 
-1811 
-1789 
-1731 
-1639 
-1515 
-1361 
-1180 
-975 
-749 
-509 
-258 
0 
258 
512 
757 
989 
1202 
1391 
1555 
1689 
1791 
1857 
1888 
1882 
1840 
1760 
1647 
1501 
1325 
1123 
898 
655 
398 
133 
-134 
-401 
-661 
-909 
-1139 
-1348 
-1531 
-1685 
-1806 
-1894 
-1943 
-1955 
-1929 
-1865 
-1765 
-1630 
-1462 
-1267 
-1046 
-803 
-545 
-276 
0 
276 
546 
807 
1054 
1280 
1480 
1653 
1794 
1901 
1970 
2001 
1993 
1947 
1861 
1740 
1584 
1397 
1183 
946 
689 
419 
140 
-141 
-420 
-693 
-951 
-1191 
-1409 
-1599 
-1759 
-1884 
-1973 
-2023 
-2034 
-2005 
-1937 
-1831 
-1690 
-1515 
-1312 
-1082 
-830 
-563 
-285 
0 
284 
563 
831 
1083 
1314 
1519 
1696 
1839 
1946 
2015 
2046 
2036 
1987 
1898 
1773 
1613 
1422 
1203 
961 
700 
425 
142 
-142 
-425 
-700 
-961 
-1203 
-1421 
-1612 
-1771 
-1895 
-1984 
-2032 
-2042 
-2011 
-1942 
-1834 
-1691 
-1515 
-1310 
-1080 
-828 
-561 
-284 
0 
282 
559 
825 
1075 
1303 
1505 
1678 
1819 
1923 
1990 
2018 
2007 
1957 
1868 
1744 
1585 
1396 
1180 
942 
685 
416 
138 
-139 
-415 
-683 
-937 
-1172 
-1384 
-1568 
-1722 
-1841 
-1925 
-1971 
-1978 
-1947 
-1878 
-1773 
-1633 
-1462 
-1264 
-1041 
-798 
-540 
-273 
0 
271 
536 
790 
1029 
1247 
1439 
1603 
1736 
1834 
1896 
1922 
1909 
1860 
1774 
1655 
1503 
1323 
1117 
891 
648 
392 
131 
-131 
-391 
-643 
-881 
-1101 
-1299 
-1471 
-1614 
-1725 
-1802 
-1843 
-1848 
-1818 
-1752 
-1653 
-1521 
-1361 
-1175 
-967 
-740 
-501 
-253 
0 
251 
496 
731 
950 
1149 
1325 
1475 
1596 
1685 
1741 
1763 
1750 
1704 
1624 
1513 
1373 
1207 
1019 
812 
590 
357 
119 
-119 
-355 
-583 
-798 
-996 
-1175 
-1329 
-1456 
-1555 
-1623 
-1659 
-1662 
-1633 
-1573 
-1482 
-1363 
-1218 
-1051 
-864 
-661 
-447 
-225 
0 
223 
440 
648 
842 
1018 
1173 
1305 
1411 
1488 
1536 
1553 
1541 
1499 
1427 
1328 
1204 
1058 
892 
710 
515 
312 
103 
-104 
-309 
-507 
-694 
-865 
-1019 
-1151 
-1261 
-1345 
-1402 
-1432 
-1433 
-1407 
-1354 
-1274 
-1171 
-1045 
-901 
-740 
-566 
-382 
-192 
0 
190 
375 
551 
715 
864 
995 
1105 
1193 
1257 
1296 
1310 
1298 
1261 
1199 
1116 
1010 
887 
747 
594 
430 
260 
86 
-87 
-257 
-422 
-576 
-717 
-844 
-953 
-1042 
-1110 
-1157 
-1179 
-1179 
-1156 
-1111 
-1045 
-959 
-855 
-736 
-604 
-461 
-311 
-157 
0 
154 
304 
446 
578 
698 
803 
891 
960 
1011 
1041 
1051 
1040 
1009 
959 
890 
805 
706 
594 
472 
341 
206 
68 
-69 
-203 
-333 
-454 
-564 
-663 
-747 
-817 
-869 
-904 
-921 
-919 
-900 
-864 
-812 
-744 
-663 
-570 
-467 
-356 
-240 
-121 
0 
118 
233 
341 
442 
533 
612 
678 
730 
767 
789 
795 
786 
762 
722 
670 
605 
530 
445 
353 
255 
154 
51 
-51 
-151 
-247 
-336 
-418 
-490 
-552 
-602 
-639 
-664 
-675 
-674 
-659 
-631 
-592 
-542 
-482 
-414 
-338 
-258 
-173 
-87 
0 
85 
167 
244 
316 
381 
436 
483 
519 
545 
559 
563 
556 
538 
509 
472 
425 
372 
312 
247 
178 
107 
35 
-36 
-105 
-171 
-233 
-289 
-338 
-380 
-414 
-439 
-455 
-462 
-460 
-449 
-430 
-403 
-368 
-327 
-280 
-229 
-174 
-117 
-59 
0 
57 
112 
163 
211 
253 
290 
321 
344 
361 
370 
372 
366 
354 
335 
310 
279 
243 
204 
161 
116 
69 
23 
-23 
-68 
-111 
-151 
-187 
-219 
-245 
-267 
-283 
-293 
-297 
-296 
-288 
-276 
-258 
-235 
-209 
-179 
-146 
-111 
-75 
-38 
0 
36 
71 
104 
134 
161 
184 
203 
218 
229 
235 
236 
232 
225 
212 
196 
177 
155 
129 
102 
74 
44 
14 
-15 
-44 
-71 
-97 
-120 
-141 
-158 
-172 
-183 
-190 
-193 
-192 
-188 
-180 
-169 
-155 
-138 
-118 
-97 
-74 
-50 
-25 
0 
24 
48 
70 
91 
110 
126 
140 
151 
159 
164 
166 
164 
159 
151 
141 
128 
112 
94 
75 
54 
33 
11 
-12 
-33 
-55 
-75 
-93 
-110 
-125 
-137 
-147 
-153 
-157 
