1261 
1261 
1261 
1262 
1263 
1264 
1266 
1268 
1270 
1272 
1275 
1278 
1281 
1285 
1289 
1293 
1297 
1302 
1307 
1312 
1318 
1324 
1330 
1336 
1343 
1350 
1357 
1365 
1372 
1381 
1389 
1398 
1407 
1416 
1425 
1435 
1445 
1455 
1466 
1477 
1488 
1499 
1511 
1523 
1535 
1548 
1561 
1574 
1587 
1601 
1615 
1629 
1643 
1658 
1673 
1688 
1704 
1720 
1736 
1752 
1769 
1786 
1803 
1820 
1838 
1856 
1874 
1892 
1911 
1930 
1949 
1969 
1988 
2008 
2029 
2049 
2070 
2091 
2112 
2134 
2156 
2178 
2200 
2223 
2245 
2268 
2292 
2315 
2339 
2363 
2387 
2412 
2437 
2462 
2487 
2512 
2538 
2564 
2590 
2617 
2643 
2670 
2697 
2725 
2752 
2780 
2808 
2836 
2865 
2893 
2922 
2952 
2981 
3011 
3040 
3070 
3101 
3131 
3162 
3193 
3224 
3255 
3287 
3318 
3350 
3383 
3415 
3448 
3480 
3513 
3546 
3580 
3613 
3647 
3681 
3715 
3750 
3784 
3819 
3854 
3889 
3924 
3960 
3995 
4031 
4067 
4103 
4140 
4176 
4213 
4250 
4287 
4324 
4362 
4399 
4437 
4475 
4513 
4551 
4590 
4628 
4667 
4706 
4745 
4784 
4824 
4863 
4903 
4943 
4982 
5023 
5063 
5103 
5144 
5184 
5225 
5266 
5307 
5348 
5390 
5431 
5473 
5514 
5556 
5598 
5640 
5682 
5725 
5767 
5810 
5852 
5895 
5938 
5981 
6024 
6067 
6111 
6154 
6198 
6241 
6285 
6329 
6373 
6417 
6461 
6505 
6549 
6593 
6638 
6682 
6727 
6772 
6816 
6861 
6906 
6951 
6996 
7041 
7086 
7132 
7177 
7222 
7268 
7313 
7359 
7404 
7450 
7496 
7542 
7587 
7633 
7679 
7725 
7771 
7817 
7863 
7909 
7955 
8001 
8048 
8094 
8140 
8186 
8233 
8279 
8325 
8372 
8418 
8465 
8511 
8557 
8604 
8650 
8697 
8743 
8790 
8836 
8882 
8929 
8975 
9022 
9068 
9115 
9161 
9208 
9254 
9300 
9347 
9393 
9439 
9486 
9532 
9578 
9624 
9670 
9717 
9763 
9809 
9855 
9901 
9947 
9993 
10039 
10084 
10130 
10176 
10222 
10267 
10313 
10358 
10404 
10449 
10495 
10540 
10585 
10630 
10675 
10720 
10765 
10810 
10855 
10900 
10944 
10989 
11033 
11078 
11122 
11166 
11210 
11254 
11298 
11342 
11386 
11429 
11473 
11516 
11560 
11603 
11646 
11689 
11732 
11775 
11818 
11860 
11903 
11945 
11988 
12030 
12072 
12114 
12155 
12197 
12239 
12280 
12321 
12362 
12403 
12444 
12485 
12525 
12566 
12606 
12646 
12686 
12726 
12766 
12806 
12845 
12884 
12923 
12962 
13001 
13040 
13078 
13117 
13155 
13193 
13231 
13268 
13306 
13343 
13380 
13417 
13454 
13491 
13527 
13563 
13600 
13636 
13671 
13707 
13742 
13777 
13812 
13847 
13882 
13916 
13951 
13985 
14019 
14052 
14086 
14119 
14152 
14185 
14218 
14250 
14282 
14314 
14346 
14378 
14409 
14441 
14472 
14502 
14533 
14563 
14593 
14623 
14653 
14683 
14712 
14741 
14770 
14798 
14827 
14855 
14883 
14910 
14938 
14965 
14992 
15019 
15046 
15072 
15098 
15124 
15149 
15175 
15200 
15225 
15249 
15274 
15298 
15322 
15345 
15369 
15392 
15415 
15438 
15460 
15482 
15504 
15526 
15547 
15568 
15589 
15610 
15630 
15650 
15670 
15690 
15709 
15728 
15747 
15766 
15784 
15802 
15820 
15837 
15855 
15872 
15888 
15905 
15921 
15937 
15953 
15968 
15983 
15998 
16013 
16027 
16041 
16055 
16068 
16082 
16095 
16107 
16120 
16132 
16144 
16155 
16166 
16177 
16188 
16199 
16209 
16219 
16228 
16238 
16247 
16256 
16264 
16272 
16280 
16288 
16295 
16302 
16309 
16316 
16322 
16328 
16334 
16339 
16344 
16349 
16354 
16358 
16362 
16366 
16369 
16372 
16375 
16378 
16380 
16382 
16384 
16385 
16386 
16387 
16388 
16388 
16388 
16388 
16387 
16386 
16385 
16384 
16382 
16380 
16378 
16375 
16372 
16369 
16366 
16362 
16358 
16354 
16349 
16344 
16339 
16334 
16328 
16322 
16316 
16309 
16302 
16295 
16288 
16280 
16272 
16264 
16256 
16247 
16238 
16228 
16219 
16209 
16199 
16188 
16177 
16166 
16155 
16144 
16132 
16120 
16107 
16095 
16082 
16068 
16055 
16041 
16027 
16013 
15998 
15983 
15968 
15953 
15937 
15921 
15905 
15888 
15872 
15855 
15837 
15820 
15802 
15784 
15766 
15747 
15728 
15709 
15690 
15670 
15650 
15630 
15610 
15589 
15568 
15547 
15526 
15504 
15482 
15460 
15438 
15415 
15392 
15369 
15345 
15322 
15298 
15274 
15249 
15225 
15200 
15175 
15149 
15124 
15098 
15072 
15046 
15019 
14992 
14965 
14938 
14910 
14883 
14855 
14827 
14798 
14770 
14741 
14712 
14683 
14653 
14623 
14593 
14563 
14533 
14502 
14472 
14441 
14409 
14378 
14346 
14314 
14282 
14250 
14218 
14185 
14152 
14119 
14086 
14052 
14019 
13985 
13951 
13916 
13882 
13847 
13812 
13777 
13742 
13707 
13671 
13636 
13600 
13563 
13527 
13491 
13454 
13417 
13380 
13343 
13306 
13268 
13231 
13193 
13155 
13117 
13078 
13040 
13001 
12962 
12923 
12884 
12845 
12806 
12766 
12726 
12686 
12646 
12606 
12566 
12525 
12485 
12444 
12403 
12362 
12321 
12280 
12238 
12197 
12155 
12114 
12072 
12030 
11988 
11945 
11903 
11860 
11818 
11775 
11732 
11689 
11646 
11603 
11560 
11516 
11473 
11429 
11386 
11342 
11298 
11254 
11210 
11166 
11122 
11078 
11033 
10989 
10944 
10900 
10855 
10810 
10765 
10720 
10675 
10630 
10585 
10540 
10495 
10449 
10404 
10358 
10313 
10267 
10222 
10176 
10130 
10084 
10039 
9993 
9947 
9901 
9855 
9809 
9763 
9717 
9670 
9624 
9578 
9532 
9486 
9439 
9393 
9347 
9300 
9254 
9207 
9161 
9115 
9068 
9022 
8975 
8929 
8882 
8836 
8790 
8743 
8697 
8650 
8604 
8557 
8511 
8465 
8418 
8372 
8325 
8279 
8233 
8186 
8140 
8094 
8048 
8001 
7955 
7909 
7863 
7817 
7771 
7725 
7679 
7633 
7587 
7542 
7496 
7450 
7404 
7359 
7313 
7268 
7222 
7177 
7132 
7086 
7041 
6996 
6951 
6906 
6861 
6816 
6772 
6727 
6682 
6638 
6593 
6549 
6505 
6461 
6417 
6373 
6329 
6285 
6241 
6198 
6154 
6111 
6067 
6024 
5981 
5938 
5895 
5852 
5810 
5767 
5725 
5682 
5640 
5598 
5556 
5514 
5473 
5431 
5390 
5348 
5307 
5266 
5225 
5184 
5144 
5103 
5063 
5023 
4982 
4943 
4903 
4863 
4824 
4784 
4745 
4706 
4667 
4628 
4590 
4551 
4513 
4475 
4437 
4399 
4362 
4324 
4287 
4250 
4213 
4176 
4140 
4103 
4067 
4031 
3995 
3960 
3924 
3889 
3854 
3819 
3784 
3750 
3715 
3681 
3647 
3613 
3580 
3546 
3513 
3480 
3448 
3415 
3383 
3350 
3318 
3287 
3255 
3224 
3193 
3162 
3131 
3101 
3070 
3040 
3011 
2981 
2952 
2922 
2893 
2865 
2836 
2808 
2780 
2752 
2725 
2697 
2670 
2643 
2617 
2590 
2564 
2538 
2512 
2487 
2462 
2437 
2412 
2387 
2363 
2339 
2315 
2292 
2268 
2245 
2223 
2200 
2178 
2156 
2134 
2112 
2091 
2070 
2049 
2029 
2008 
1988 
1969 
1949 
1930 
1911 
1892 
1874 
1856 
1838 
1820 
1803 
1786 
1769 
1752 
1736 
1720 
1704 
1688 
1673 
1658 
1643 
1629 
1615 
1601 
1587 
1574 
1561 
1548 
1535 
1523 
1511 
1499 
1488 
1477 
1466 
1455 
1445 
1435 
1425 
1416 
1407 
1398 
1389 
1381 
1372 
1365 
1357 
1350 
1343 
1336 
1330 
1324 
1318 
1312 
1307 
1302 
1297 
1293 
1289 
1285 
1281 
1278 
1275 
1272 
1270 
1268 
1266 
1264 
1263 
1262 
1261 
1261 
1261 
